$TITLE    Created by panin, version 1.0 (4Jan2000) on                
INPUT FILE FOR PanAir (A502-ht2)                                                
Created by PANIN                                                                
$DATACHECK
    0.0000
$SYM
    1.0000    0.0000
$MACH NUMBER
    0.2000
$CASES
    1.0000
$ANGLES OF ATTACK
    0.0000
    2.0000
$YAW ANGLES
    0.0000
    0.0000
$REFERENCE DATA FOR 3-D FORCES AND MOMENTS
    0.3750    0.0000    0.0000    1.0000
   15.0000   10.0000    1.5000   10.0000
$PRINTOUT CONTROL
       0.0       0.0       0.0       0.0       0.0       0.0
       0.0       0.0       0.0       0.0       0.0       0.0
$EAT
  0.000000       0.0       0.0       0.0       0.0       0.0
$VELOCITY CORRECTION
    0.0000
$POINTS for network #  1   WingUpper                                         
       1.0
       1.0                                     0.0       0.0
      21.0      21.0                                                  WingUpper 
   -0.0009    0.0000    0.0088    0.0901    0.2500    0.0304
    0.1811    0.5000    0.0521    0.2721    0.7500    0.0737
    0.3631    1.0000    0.0954    0.4541    1.2500    0.1170
    0.5451    1.5000    0.1387    0.6361    1.7500    0.1603
    0.7271    2.0000    0.1820    0.8181    2.2500    0.2036
    0.9091    2.5000    0.2253    1.0001    2.7500    0.2469
    1.0911    3.0000    0.2686    1.1821    3.2500    0.2902
    1.2731    3.5000    0.3119    1.3641    3.7500    0.3335
    1.4551    4.0000    0.3552    1.5461    4.2500    0.3768
    1.6371    4.5000    0.3985    1.7281    4.7500    0.4201
    1.8191    5.0000    0.4418
    0.0292    0.0000    0.0545    0.1194    0.2500    0.0750
    0.2096    0.5000    0.0956    0.2998    0.7500    0.1161
    0.3899    1.0000    0.1367    0.4801    1.2500    0.1572
    0.5703    1.5000    0.1777    0.6605    1.7500    0.1983
    0.7507    2.0000    0.2188    0.8409    2.2500    0.2394
    0.9311    2.5000    0.2599    1.0213    2.7500    0.2805
    1.1115    3.0000    0.3010    1.2017    3.2500    0.3216
    1.2918    3.5000    0.3421    1.3820    3.7500    0.3627
    1.4722    4.0000    0.3832    1.5624    4.2500    0.4038
    1.6526    4.5000    0.4243    1.7428    4.7500    0.4449
    1.8330    5.0000    0.4654
    0.0923    0.0000    0.0903    0.1808    0.2500    0.1101
    0.2694    0.5000    0.1298    0.3580    0.7500    0.1495
    0.4465    1.0000    0.1693    0.5351    1.2500    0.1890
    0.6237    1.5000    0.2087    0.7122    1.7500    0.2285
    0.8008    2.0000    0.2482    0.8894    2.2500    0.2679
    0.9779    2.5000    0.2877    1.0665    2.7500    0.3074
    1.1550    3.0000    0.3271    1.2436    3.2500    0.3468
    1.3322    3.5000    0.3666    1.4207    3.7500    0.3863
    1.5093    4.0000    0.4060    1.5979    4.2500    0.4258
    1.6864    4.5000    0.4455    1.7750    4.7500    0.4652
    1.8636    5.0000    0.4850
    0.1728    0.0000    0.1154    0.2593    0.2500    0.1346
    0.3458    0.5000    0.1538    0.4324    0.7500    0.1730
    0.5189    1.0000    0.1922    0.6054    1.2500    0.2114
    0.6919    1.5000    0.2306    0.7784    1.7500    0.2498
    0.8649    2.0000    0.2691    0.9514    2.2500    0.2883
    1.0380    2.5000    0.3075    1.1245    2.7500    0.3267
    1.2110    3.0000    0.3459    1.2975    3.2500    0.3651
    1.3840    3.5000    0.3843    1.4705    3.7500    0.4035
    1.5571    4.0000    0.4227    1.6436    4.2500    0.4419
    1.7301    4.5000    0.4612    1.8166    4.7500    0.4804
    1.9031    5.0000    0.4996
    0.2640    0.0000    0.1298    0.3482    0.2500    0.1488
    0.4324    0.5000    0.1678    0.5166    0.7500    0.1867
    0.6009    1.0000    0.2057    0.6851    1.2500    0.2247
    0.7693    1.5000    0.2436    0.8535    1.7500    0.2626
    0.9377    2.0000    0.2816    1.0219    2.2500    0.3005
    1.1061    2.5000    0.3195    1.1903    2.7500    0.3385
    1.2746    3.0000    0.3574    1.3588    3.2500    0.3764
    1.4430    3.5000    0.3954    1.5272    3.7500    0.4143
    1.6114    4.0000    0.4333    1.6956    4.2500    0.4523
    1.7798    4.5000    0.4712    1.8641    4.7500    0.4902
    1.9483    5.0000    0.5092
    0.3615    0.0000    0.1355    0.4432    0.2500    0.1544
    0.5250    0.5000    0.1734    0.6068    0.7500    0.1923
    0.6885    1.0000    0.2113    0.7703    1.2500    0.2302
    0.8521    1.5000    0.2492    0.9338    1.7500    0.2681
    1.0156    2.0000    0.2871    1.0974    2.2500    0.3060
    1.1791    2.5000    0.3250    1.2609    2.7500    0.3439
    1.3427    3.0000    0.3629    1.4244    3.2500    0.3819
    1.5062    3.5000    0.4008    1.5880    3.7500    0.4198
    1.6697    4.0000    0.4387    1.7515    4.2500    0.4577
    1.8333    4.5000    0.4766    1.9150    4.7500    0.4956
    1.9968    5.0000    0.5145
    0.4627    0.0000    0.1354    0.5419    0.2500    0.1545
    0.6212    0.5000    0.1736    0.7004    0.7500    0.1927
    0.7796    1.0000    0.2118    0.8589    1.2500    0.2309
    0.9381    1.5000    0.2500    1.0173    1.7500    0.2690
    1.0966    2.0000    0.2881    1.1758    2.2500    0.3072
    1.2550    2.5000    0.3263    1.3343    2.7500    0.3454
    1.4135    3.0000    0.3645    1.4927    3.2500    0.3836
    1.5720    3.5000    0.4026    1.6512    3.7500    0.4217
    1.7304    4.0000    0.4408    1.8096    4.2500    0.4599
    1.8889    4.5000    0.4790    1.9681    4.7500    0.4981
    2.0473    5.0000    0.5172
    0.5676    0.0000    0.1319    0.6442    0.2500    0.1512
    0.7208    0.5000    0.1705    0.7974    0.7500    0.1898
    0.8740    1.0000    0.2092    0.9506    1.2500    0.2285
    1.0272    1.5000    0.2478    1.1039    1.7500    0.2671
    1.1805    2.0000    0.2864    1.2571    2.2500    0.3057
    1.3337    2.5000    0.3250    1.4103    2.7500    0.3443
    1.4869    3.0000    0.3637    1.5635    3.2500    0.3830
    1.6401    3.5000    0.4023    1.7167    3.7500    0.4216
    1.7934    4.0000    0.4409    1.8700    4.2500    0.4602
    1.9466    4.5000    0.4795    2.0232    4.7500    0.4988
    2.0998    5.0000    0.5182
    0.6755    0.0000    0.1254    0.7494    0.2500    0.1450
    0.8233    0.5000    0.1647    0.8972    0.7500    0.1843
    0.9711    1.0000    0.2039    1.0451    1.2500    0.2235
    1.1190    1.5000    0.2431    1.1929    1.7500    0.2627
    1.2668    2.0000    0.2824    1.3407    2.2500    0.3020
    1.4147    2.5000    0.3216    1.4886    2.7500    0.3412
    1.5625    3.0000    0.3608    1.6364    3.2500    0.3804
    1.7103    3.5000    0.4001    1.7842    3.7500    0.4197
    1.8582    4.0000    0.4393    1.9321    4.2500    0.4589
    2.0060    4.5000    0.4785    2.0799    4.7500    0.4981
    2.1538    5.0000    0.5177
    0.7854    0.0000    0.1164    0.8566    0.2500    0.1364
    0.9278    0.5000    0.1564    0.9989    0.7500    0.1764
    1.0701    1.0000    0.1964    1.1413    1.2500    0.2164
    1.2125    1.5000    0.2364    1.2837    1.7500    0.2563
    1.3548    2.0000    0.2763    1.4260    2.2500    0.2963
    1.4972    2.5000    0.3163    1.5684    2.7500    0.3363
    1.6395    3.0000    0.3563    1.7107    3.2500    0.3762
    1.7819    3.5000    0.3962    1.8531    3.7500    0.4162
    1.9243    4.0000    0.4362    1.9954    4.2500    0.4562
    2.0666    4.5000    0.4762    2.1378    4.7500    0.4962
    2.2090    5.0000    0.5161
    0.8967    0.0000    0.1054    0.9651    0.2500    0.1258
    1.0335    0.5000    0.1462    1.1019    0.7500    0.1666
    1.1703    1.0000    0.1870    1.2387    1.2500    0.2074
    1.3071    1.5000    0.2278    1.3755    1.7500    0.2482
    1.4439    2.0000    0.2686    1.5123    2.2500    0.2891
    1.5807    2.5000    0.3095    1.6491    2.7500    0.3299
    1.7176    3.0000    0.3503    1.7860    3.2500    0.3707
    1.8544    3.5000    0.3911    1.9228    3.7500    0.4115
    1.9912    4.0000    0.4319    2.0596    4.2500    0.4523
    2.1280    4.5000    0.4727    2.1964    4.7500    0.4931
    2.2648    5.0000    0.5135
    1.0085    0.0000    0.0926    1.0741    0.2500    0.1135
    1.1397    0.5000    0.1344    1.2054    0.7500    0.1552
    1.2710    1.0000    0.1761    1.3366    1.2500    0.1970
    1.4022    1.5000    0.2178    1.4679    1.7500    0.2387
    1.5335    2.0000    0.2596    1.5991    2.2500    0.2805
    1.6647    2.5000    0.3013    1.7304    2.7500    0.3222
    1.7960    3.0000    0.3431    1.8616    3.2500    0.3640
    1.9272    3.5000    0.3848    1.9929    3.7500    0.4057
    2.0585    4.0000    0.4266    2.1241    4.2500    0.4475
    2.1897    4.5000    0.4683    2.2554    4.7500    0.4892
    2.3210    5.0000    0.5101
    1.1202    0.0000    0.0785    1.1830    0.2500    0.0998
    1.2458    0.5000    0.1212    1.3087    0.7500    0.1426
    1.3715    1.0000    0.1640    1.4344    1.2500    0.1853
    1.4972    1.5000    0.2067    1.5601    1.7500    0.2281
    1.6229    2.0000    0.2495    1.6858    2.2500    0.2708
    1.7486    2.5000    0.2922    1.8115    2.7500    0.3136
    1.8743    3.0000    0.3349    1.9372    3.2500    0.3563
    2.0000    3.5000    0.3777    2.0629    3.7500    0.3991
    2.1257    4.0000    0.4204    2.1886    4.2500    0.4418
    2.2514    4.5000    0.4632    2.3143    4.7500    0.4846
    2.3771    5.0000    0.5059
    1.2310    0.0000    0.0633    1.2911    0.2500    0.0852
    1.3512    0.5000    0.1071    1.4113    0.7500    0.1290
    1.4714    1.0000    0.1509    1.5315    1.2500    0.1728
    1.5916    1.5000    0.1947    1.6517    1.7500    0.2166
    1.7117    2.0000    0.2385    1.7718    2.2500    0.2604
    1.8319    2.5000    0.2823    1.8920    2.7500    0.3041
    1.9521    3.0000    0.3260    2.0122    3.2500    0.3479
    2.0723    3.5000    0.3698    2.1324    3.7500    0.3917
    2.1925    4.0000    0.4136    2.2526    4.2500    0.4355
    2.3127    4.5000    0.4574    2.3728    4.7500    0.4793
    2.4329    5.0000    0.5012
    1.3403    0.0000    0.0473    1.3977    0.2500    0.0697
    1.4550    0.5000    0.0921    1.5124    0.7500    0.1146
    1.5698    1.0000    0.1370    1.6272    1.2500    0.1595
    1.6845    1.5000    0.1819    1.7419    1.7500    0.2044
    1.7993    2.0000    0.2268    1.8567    2.2500    0.2492
    1.9141    2.5000    0.2717    1.9714    2.7500    0.2941
    2.0288    3.0000    0.3166    2.0862    3.2500    0.3390
    2.1436    3.5000    0.3615    2.2009    3.7500    0.3839
    2.2583    4.0000    0.4063    2.3157    4.2500    0.4288
    2.3731    4.5000    0.4512    2.4305    4.7500    0.4737
    2.4878    5.0000    0.4961
    1.4472    0.0000    0.0307    1.5019    0.2500    0.0537
    1.5567    0.5000    0.0767    1.6114    0.7500    0.0997
    1.6661    1.0000    0.1227    1.7208    1.2500    0.1457
    1.7756    1.5000    0.1687    1.8303    1.7500    0.1917
    1.8850    2.0000    0.2147    1.9397    2.2500    0.2377
    1.9944    2.5000    0.2607    2.0492    2.7500    0.2837
    2.1039    3.0000    0.3067    2.1586    3.2500    0.3297
    2.2133    3.5000    0.3527    2.2681    3.7500    0.3757
    2.3228    4.0000    0.3987    2.3775    4.2500    0.4217
    2.4322    4.5000    0.4447    2.4869    4.7500    0.4677
    2.5417    5.0000    0.4907
    1.5510    0.0000    0.0139    1.6032    0.2500    0.0375
    1.6553    0.5000    0.0610    1.7075    0.7500    0.0846
    1.7596    1.0000    0.1081    1.8118    1.2500    0.1317
    1.8639    1.5000    0.1553    1.9161    1.7500    0.1788
    1.9682    2.0000    0.2024    2.0203    2.2500    0.2259
    2.0725    2.5000    0.2495    2.1246    2.7500    0.2730
    2.1768    3.0000    0.2966    2.2289    3.2500    0.3201
    2.2811    3.5000    0.3437    2.3332    3.7500    0.3672
    2.3854    4.0000    0.3908    2.4375    4.2500    0.4143
    2.4897    4.5000    0.4379    2.5418    4.7500    0.4614
    2.5939    5.0000    0.4850
    1.6504    0.0000   -0.0028    1.7001    0.2500    0.0213
    1.7498    0.5000    0.0454    1.7995    0.7500    0.0695
    1.8492    1.0000    0.0936    1.8988    1.2500    0.1177
    1.9485    1.5000    0.1418    1.9982    1.7500    0.1659
    2.0479    2.0000    0.1900    2.0975    2.2500    0.2141
    2.1472    2.5000    0.2382    2.1969    2.7500    0.2623
    2.2466    3.0000    0.2864    2.2963    3.2500    0.3105
    2.3459    3.5000    0.3346    2.3956    3.7500    0.3587
    2.4453    4.0000    0.3828    2.4950    4.2500    0.4069
    2.5447    4.5000    0.4310    2.5943    4.7500    0.4551
    2.6440    5.0000    0.4792
    1.7447    0.0000   -0.0194    1.7920    0.2500    0.0053
    1.8394    0.5000    0.0299    1.8867    0.7500    0.0545
    1.9341    1.0000    0.0792    1.9814    1.2500    0.1038
    2.0287    1.5000    0.1285    2.0761    1.7500    0.1531
    2.1234    2.0000    0.1777    2.1708    2.2500    0.2024
    2.2181    2.5000    0.2270    2.2654    2.7500    0.2517
    2.3128    3.0000    0.2763    2.3601    3.2500    0.3009
    2.4075    3.5000    0.3256    2.4548    3.7500    0.3502
    2.5021    4.0000    0.3749    2.5495    4.2500    0.3995
    2.5968    4.5000    0.4241    2.6442    4.7500    0.4488
    2.6915    5.0000    0.4734
    1.8371    0.0000   -0.0364    1.8821    0.2500   -0.0112
    1.9272    0.5000    0.0140    1.9722    0.7500    0.0392
    2.0173    1.0000    0.0644    2.0623    1.2500    0.0895
    2.1074    1.5000    0.1147    2.1524    1.7500    0.1399
    2.1975    2.0000    0.1651    2.2425    2.2500    0.1903
    2.2876    2.5000    0.2155    2.3326    2.7500    0.2407
    2.3777    3.0000    0.2659    2.4227    3.2500    0.2910
    2.4678    3.5000    0.3162    2.5128    3.7500    0.3414
    2.5579    4.0000    0.3666    2.6029    4.2500    0.3918
    2.6480    4.5000    0.4170    2.6930    4.7500    0.4422
    2.7381    5.0000    0.4673
    1.9988    0.0000   -0.0698    2.0398    0.2500   -0.0436
    2.0809    0.5000   -0.0173    2.1219    0.7500    0.0089
    2.1630    1.0000    0.0351    2.2040    1.2500    0.0614
    2.2451    1.5000    0.0876    2.2861    1.7500    0.1138
    2.3271    2.0000    0.1401    2.3682    2.2500    0.1663
    2.4092    2.5000    0.1925    2.4503    2.7500    0.2188
    2.4913    3.0000    0.2450    2.5324    3.2500    0.2713
    2.5734    3.5000    0.2975    2.6145    3.7500    0.3237
    2.6555    4.0000    0.3500    2.6966    4.2500    0.3762
    2.7376    4.5000    0.4024    2.7787    4.7500    0.4287
    2.8197    5.0000    0.4549
$POINTS for network #  2   WingLower                                         
       1.0
       1.0                                     0.0       0.0
      21.0      21.0                                                  WingLower 
    1.9988    0.0000   -0.0698    2.0398    0.2500   -0.0436
    2.0809    0.5000   -0.0173    2.1219    0.7500    0.0089
    2.1630    1.0000    0.0351    2.2040    1.2500    0.0614
    2.2451    1.5000    0.0876    2.2861    1.7500    0.1138
    2.3271    2.0000    0.1401    2.3682    2.2500    0.1663
    2.4092    2.5000    0.1925    2.4503    2.7500    0.2188
    2.4913    3.0000    0.2450    2.5324    3.2500    0.2713
    2.5734    3.5000    0.2975    2.6145    3.7500    0.3237
    2.6555    4.0000    0.3500    2.6966    4.2500    0.3762
    2.7376    4.5000    0.4024    2.7787    4.7500    0.4287
    2.8197    5.0000    0.4549
    1.8337    0.0000   -0.0846    1.8789    0.2500   -0.0582
    1.9241    0.5000   -0.0318    1.9693    0.7500   -0.0055
    2.0145    1.0000    0.0209    2.0597    1.2500    0.0473
    2.1049    1.5000    0.0737    2.1501    1.7500    0.1001
    2.1953    2.0000    0.1265    2.2405    2.2500    0.1529
    2.2857    2.5000    0.1793    2.3309    2.7500    0.2057
    2.3761    3.0000    0.2321    2.4213    3.2500    0.2584
    2.4665    3.5000    0.2848    2.5117    3.7500    0.3112
    2.5569    4.0000    0.3376    2.6021    4.2500    0.3640
    2.6473    4.5000    0.3904    2.6925    4.7500    0.4168
    2.7377    5.0000    0.4432
    1.7397    0.0000   -0.0911    1.7873    0.2500   -0.0646
    1.8348    0.5000   -0.0382    1.8824    0.7500   -0.0118
    1.9300    1.0000    0.0147    1.9775    1.2500    0.0411
    2.0251    1.5000    0.0675    2.0726    1.7500    0.0939
    2.1202    2.0000    0.1204    2.1678    2.2500    0.1468
    2.2153    2.5000    0.1732    2.2629    2.7500    0.1996
    2.3104    3.0000    0.2261    2.3580    3.2500    0.2525
    2.4056    3.5000    0.2789    2.4531    3.7500    0.3054
    2.5007    4.0000    0.3318    2.5482    4.2500    0.3582
    2.5958    4.5000    0.3846    2.6433    4.7500    0.4111
    2.6909    5.0000    0.4375
    1.6436    0.0000   -0.0968    1.6936    0.2500   -0.0703
    1.7436    0.5000   -0.0439    1.7935    0.7500   -0.0175
    1.8435    1.0000    0.0090    1.8935    1.2500    0.0354
    1.9435    1.5000    0.0619    1.9934    1.7500    0.0883
    2.0434    2.0000    0.1148    2.0934    2.2500    0.1412
    2.1433    2.5000    0.1677    2.1933    2.7500    0.1941
    2.2433    3.0000    0.2206    2.2933    3.2500    0.2470
    2.3432    3.5000    0.2734    2.3932    3.7500    0.2999
    2.4432    4.0000    0.3263    2.4932    4.2500    0.3528
    2.5431    4.5000    0.3792    2.5931    4.7500    0.4057
    2.6431    5.0000    0.4321
    1.5424    0.0000   -0.1022    1.5949    0.2500   -0.0757
    1.6474    0.5000   -0.0493    1.6999    0.7500   -0.0228
    1.7524    1.0000    0.0036    1.8050    1.2500    0.0301
    1.8575    1.5000    0.0565    1.9100    1.7500    0.0830
    1.9625    2.0000    0.1094    2.0150    2.2500    0.1359
    2.0675    2.5000    0.1623    2.1200    2.7500    0.1888
    2.1726    3.0000    0.2152    2.2251    3.2500    0.2417
    2.2776    3.5000    0.2681    2.3301    3.7500    0.2946
    2.3826    4.0000    0.3210    2.4351    4.2500    0.3474
    2.4876    4.5000    0.3739    2.5402    4.7500    0.4003
    2.5927    5.0000    0.4268
    1.4368    0.0000   -0.1071    1.4919    0.2500   -0.0806
    1.5471    0.5000   -0.0542    1.6023    0.7500   -0.0278
    1.6574    1.0000   -0.0013    1.7126    1.2500    0.0251
    1.7677    1.5000    0.0515    1.8229    1.7500    0.0780
    1.8781    2.0000    0.1044    1.9332    2.2500    0.1308
    1.9884    2.5000    0.1573    2.0436    2.7500    0.1837
    2.0987    3.0000    0.2101    2.1539    3.2500    0.2366
    2.2091    3.5000    0.2630    2.2642    3.7500    0.2894
    2.3194    4.0000    0.3159    2.3746    4.2500    0.3423
    2.4297    4.5000    0.3687    2.4849    4.7500    0.3952
    2.5400    5.0000    0.4216
    1.3280    0.0000   -0.1113    1.3859    0.2500   -0.0849
    1.4438    0.5000   -0.0585    1.5017    0.7500   -0.0321
    1.5596    1.0000   -0.0057    1.6175    1.2500    0.0207
    1.6754    1.5000    0.0471    1.7333    1.7500    0.0735
    1.7912    2.0000    0.0999    1.8491    2.2500    0.1263
    1.9069    2.5000    0.1527    1.9648    2.7500    0.1791
    2.0227    3.0000    0.2055    2.0806    3.2500    0.2318
    2.1385    3.5000    0.2582    2.1964    3.7500    0.2846
    2.2543    4.0000    0.3110    2.3122    4.2500    0.3374
    2.3701    4.5000    0.3638    2.4280    4.7500    0.3902
    2.4859    5.0000    0.4166
    1.2170    0.0000   -0.1148    1.2777    0.2500   -0.0884
    1.3384    0.5000   -0.0621    1.3991    0.7500   -0.0358
    1.4597    1.0000   -0.0094    1.5204    1.2500    0.0169
    1.5811    1.5000    0.0433    1.6418    1.7500    0.0696
    1.7024    2.0000    0.0959    1.7631    2.2500    0.1223
    1.8238    2.5000    0.1486    1.8845    2.7500    0.1749
    1.9451    3.0000    0.2013    2.0058    3.2500    0.2276
    2.0665    3.5000    0.2540    2.1272    3.7500    0.2803
    2.1878    4.0000    0.3066    2.2485    4.2500    0.3330
    2.3092    4.5000    0.3593    2.3699    4.7500    0.3857
    2.4305    5.0000    0.4120
    1.1046    0.0000   -0.1172    1.1681    0.2500   -0.0910
    1.2316    0.5000   -0.0647    1.2951    0.7500   -0.0385
    1.3586    1.0000   -0.0122    1.4221    1.2500    0.0140
    1.4855    1.5000    0.0403    1.5490    1.7500    0.0665
    1.6125    2.0000    0.0928    1.6760    2.2500    0.1190
    1.7395    2.5000    0.1453    1.8030    2.7500    0.1715
    1.8665    3.0000    0.1978    1.9300    3.2500    0.2240
    1.9935    3.5000    0.2503    2.0570    3.7500    0.2766
    2.1205    4.0000    0.3028    2.1840    4.2500    0.3291
    2.2475    4.5000    0.3553    2.3110    4.7500    0.3816
    2.3745    5.0000    0.4078
    0.9915    0.0000   -0.1185    1.0578    0.2500   -0.0924
    1.1241    0.5000   -0.0663    1.1904    0.7500   -0.0401
    1.2568    1.0000   -0.0140    1.3231    1.2500    0.0121
    1.3894    1.5000    0.0383    1.4558    1.7500    0.0644
    1.5221    2.0000    0.0906    1.5884    2.2500    0.1167
    1.6547    2.5000    0.1428    1.7211    2.7500    0.1690
    1.7874    3.0000    0.1951    1.8537    3.2500    0.2212
    1.9200    3.5000    0.2474    1.9864    3.7500    0.2735
    2.0527    4.0000    0.2996    2.1190    4.2500    0.3258
    2.1854    4.5000    0.3519    2.2517    4.7500    0.3781
    2.3180    5.0000    0.4042
    0.8784    0.0000   -0.1185    0.9475    0.2500   -0.0925
    1.0167    0.5000   -0.0665    1.0859    0.7500   -0.0405
    1.1550    1.0000   -0.0145    1.2242    1.2500    0.0115
    1.2933    1.5000    0.0375    1.3625    1.7500    0.0635
    1.4317    2.0000    0.0894    1.5008    2.2500    0.1154
    1.5700    2.5000    0.1414    1.6391    2.7500    0.1674
    1.7083    3.0000    0.1934    1.7774    3.2500    0.2194
    1.8466    3.5000    0.2454    1.9158    3.7500    0.2713
    1.9849    4.0000    0.2973    2.0541    4.2500    0.3233
    2.1232    4.5000    0.3493    2.1924    4.7500    0.3753
    2.2615    5.0000    0.4013
    0.7661    0.0000   -0.1167    0.8381    0.2500   -0.0909
    0.9100    0.5000   -0.0651    0.9820    0.7500   -0.0393
    1.0540    1.0000   -0.0135    1.1259    1.2500    0.0123
    1.1979    1.5000    0.0381    1.2699    1.7500    0.0639
    1.3418    2.0000    0.0897    1.4138    2.2500    0.1155
    1.4858    2.5000    0.1413    1.5577    2.7500    0.1671
    1.6297    3.0000    0.1929    1.7017    3.2500    0.2187
    1.7736    3.5000    0.2444    1.8456    3.7500    0.2702
    1.9176    4.0000    0.2960    1.9895    4.2500    0.3218
    2.0615    4.5000    0.3476    2.1335    4.7500    0.3734
    2.2054    5.0000    0.3992
    0.6554    0.0000   -0.1130    0.7302    0.2500   -0.0874
    0.8049    0.5000   -0.0618    0.8796    0.7500   -0.0363
    0.9544    1.0000   -0.0107    1.0291    1.2500    0.0148
    1.1038    1.5000    0.0404    1.1786    1.7500    0.0659
    1.2533    2.0000    0.0915    1.3280    2.2500    0.1171
    1.4027    2.5000    0.1426    1.4775    2.7500    0.1682
    1.5522    3.0000    0.1937    1.6269    3.2500    0.2193
    1.7017    3.5000    0.2448    1.7764    3.7500    0.2704
    1.8511    4.0000    0.2960    1.9259    4.2500    0.3215
    2.0006    4.5000    0.3471    2.0753    4.7500    0.3726
    2.1501    5.0000    0.3982
    0.5472    0.0000   -0.1070    0.6246    0.2500   -0.0817
    0.7020    0.5000   -0.0564    0.7795    0.7500   -0.0312
    0.8569    1.0000   -0.0059    0.9343    1.2500    0.0194
    1.0118    1.5000    0.0446    1.0892    1.7500    0.0699
    1.1666    2.0000    0.0952    1.2441    2.2500    0.1204
    1.3215    2.5000    0.1457    1.3990    2.7500    0.1710
    1.4764    3.0000    0.1962    1.5538    3.2500    0.2215
    1.6313    3.5000    0.2468    1.7087    3.7500    0.2720
    1.7861    4.0000    0.2973    1.8636    4.2500    0.3226
    1.9410    4.5000    0.3478    2.0184    4.7500    0.3731
    2.0959    5.0000    0.3984
    0.4422    0.0000   -0.0983    0.5223    0.2500   -0.0734
    0.6023    0.5000   -0.0485    0.6824    0.7500   -0.0236
    0.7624    1.0000    0.0014    0.8425    1.2500    0.0263
    0.9225    1.5000    0.0512    1.0026    1.7500    0.0761
    1.0826    2.0000    0.1010    1.1627    2.2500    0.1259
    1.2427    2.5000    0.1508    1.3228    2.7500    0.1757
    1.4028    3.0000    0.2006    1.4829    3.2500    0.2256
    1.5629    3.5000    0.2505    1.6430    3.7500    0.2754
    1.7230    4.0000    0.3003    1.8031    4.2500    0.3252
    1.8831    4.5000    0.3501    1.9632    4.7500    0.3750
    2.0432    5.0000    0.3999
    0.3423    0.0000   -0.0867    0.4248    0.2500   -0.0622
    0.5074    0.5000   -0.0377    0.5899    0.7500   -0.0132
    0.6724    1.0000    0.0112    0.7550    1.2500    0.0357
    0.8375    1.5000    0.0602    0.9201    1.7500    0.0847
    1.0026    2.0000    0.1092    1.0851    2.2500    0.1337
    1.1677    2.5000    0.1582    1.2502    2.7500    0.1827
    1.3327    3.0000    0.2072    1.4153    3.2500    0.2317
    1.4978    3.5000    0.2562    1.5804    3.7500    0.2806
    1.6629    4.0000    0.3051    1.7454    4.2500    0.3296
    1.8280    4.5000    0.3541    1.9105    4.7500    0.3786
    1.9930    5.0000    0.4031
    0.2498    0.0000   -0.0736    0.3346    0.2500   -0.0496
    0.4194    0.5000   -0.0255    0.5043    0.7500   -0.0015
    0.5891    1.0000    0.0225    0.6740    1.2500    0.0466
    0.7588    1.5000    0.0706    0.8436    1.7500    0.0947
    0.9285    2.0000    0.1187    1.0133    2.2500    0.1428
    1.0981    2.5000    0.1668    1.1830    2.7500    0.1908
    1.2678    3.0000    0.2149    1.3526    3.2500    0.2389
    1.4375    3.5000    0.2630    1.5223    3.7500    0.2870
    1.6072    4.0000    0.3111    1.6920    4.2500    0.3351
    1.7768    4.5000    0.3591    1.8617    4.7500    0.3832
    1.9465    5.0000    0.4072
    0.1655    0.0000   -0.0606    0.2525    0.2500   -0.0370
    0.3394    0.5000   -0.0134    0.4263    0.7500    0.0102
    0.5133    1.0000    0.0338    0.6002    1.2500    0.0574
    0.6871    1.5000    0.0810    0.7740    1.7500    0.1046
    0.8610    2.0000    0.1282    0.9479    2.2500    0.1519
    1.0348    2.5000    0.1755    1.1217    2.7500    0.1991
    1.2087    3.0000    0.2227    1.2956    3.2500    0.2463
    1.3825    3.5000    0.2699    1.4695    3.7500    0.2935
    1.5564    4.0000    0.3171    1.6433    4.2500    0.3407
    1.7302    4.5000    0.3643    1.8172    4.7500    0.3879
    1.9041    5.0000    0.4115
    0.0907    0.0000   -0.0471    0.1795    0.2500   -0.0240
    0.2683    0.5000   -0.0008    0.3570    0.7500    0.0224
    0.4458    1.0000    0.0456    0.5346    1.2500    0.0687
    0.6234    1.5000    0.0919    0.7122    1.7500    0.1151
    0.8010    2.0000    0.1382    0.8897    2.2500    0.1614
    0.9785    2.5000    0.1846    1.0673    2.7500    0.2078
    1.1561    3.0000    0.2309    1.2449    3.2500    0.2541
    1.3337    3.5000    0.2773    1.4224    3.7500    0.3004
    1.5112    4.0000    0.3236    1.6000    4.2500    0.3468
    1.6888    4.5000    0.3699    1.7776    4.7500    0.3931
    1.8664    5.0000    0.4163
    0.0290    0.0000   -0.0286    0.1193    0.2500   -0.0059
    0.2096    0.5000    0.0167    0.2999    0.7500    0.0393
    0.3902    1.0000    0.0619    0.4805    1.2500    0.0846
    0.5708    1.5000    0.1072    0.6612    1.7500    0.1298
    0.7515    2.0000    0.1524    0.8418    2.2500    0.1751
    0.9321    2.5000    0.1977    1.0224    2.7500    0.2203
    1.1127    3.0000    0.2429    1.2030    3.2500    0.2656
    1.2933    3.5000    0.2882    1.3836    3.7500    0.3108
    1.4739    4.0000    0.3334    1.5642    4.2500    0.3561
    1.6545    4.5000    0.3787    1.7448    4.7500    0.4013
    1.8351    5.0000    0.4239
   -0.0009    0.0000    0.0088    0.0901    0.2500    0.0304
    0.1811    0.5000    0.0521    0.2721    0.7500    0.0737
    0.3631    1.0000    0.0954    0.4541    1.2500    0.1170
    0.5451    1.5000    0.1387    0.6361    1.7500    0.1603
    0.7271    2.0000    0.1820    0.8181    2.2500    0.2036
    0.9091    2.5000    0.2253    1.0001    2.7500    0.2469
    1.0911    3.0000    0.2686    1.1821    3.2500    0.2902
    1.2731    3.5000    0.3119    1.3641    3.7500    0.3335
    1.4551    4.0000    0.3552    1.5461    4.2500    0.3768
    1.6371    4.5000    0.3985    1.7281    4.7500    0.4201
    1.8191    5.0000    0.4418
$POINTS for network #  3   WingTip                                           
       1.0
       1.0                                     0.0       0.0
       5.0      21.0                                                  WingTip   
    1.8191    5.0000    0.4418    1.8191    5.0000    0.4418
    1.8191    5.0000    0.4418    1.8191    5.0000    0.4418
    1.8191    5.0000    0.4418
    1.8330    5.0000    0.4654    1.8335    5.0000    0.4550
    1.8340    5.0000    0.4447    1.8346    5.0000    0.4343
    1.8351    5.0000    0.4239
    1.8636    5.0000    0.4850    1.8643    5.0000    0.4678
    1.8650    5.0000    0.4506    1.8657    5.0000    0.4335
    1.8664    5.0000    0.4163
    1.9031    5.0000    0.4996    1.9034    5.0000    0.4776
    1.9036    5.0000    0.4555    1.9039    5.0000    0.4335
    1.9041    5.0000    0.4115
    1.9483    5.0000    0.5092    1.9478    5.0000    0.4837
    1.9474    5.0000    0.4582    1.9469    5.0000    0.4327
    1.9465    5.0000    0.4072
    1.9968    5.0000    0.5145    1.9959    5.0000    0.4867
    1.9949    5.0000    0.4588    1.9940    5.0000    0.4310
    1.9930    5.0000    0.4031
    2.0473    5.0000    0.5172    2.0463    5.0000    0.4879
    2.0453    5.0000    0.4586    2.0443    5.0000    0.4292
    2.0432    5.0000    0.3999
    2.0998    5.0000    0.5182    2.0988    5.0000    0.4882
    2.0978    5.0000    0.4583    2.0968    5.0000    0.4283
    2.0959    5.0000    0.3984
    2.1538    5.0000    0.5177    2.1529    5.0000    0.4879
    2.1520    5.0000    0.4580    2.1510    5.0000    0.4281
    2.1501    5.0000    0.3982
    2.2090    5.0000    0.5161    2.2081    5.0000    0.4869
    2.2072    5.0000    0.4577    2.2063    5.0000    0.4285
    2.2054    5.0000    0.3992
    2.2648    5.0000    0.5135    2.2640    5.0000    0.4855
    2.2632    5.0000    0.4574    2.2624    5.0000    0.4293
    2.2615    5.0000    0.4013
    2.3210    5.0000    0.5101    2.3202    5.0000    0.4836
    2.3195    5.0000    0.4571    2.3187    5.0000    0.4307
    2.3180    5.0000    0.4042
    2.3771    5.0000    0.5059    2.3764    5.0000    0.4814
    2.3758    5.0000    0.4569    2.3751    5.0000    0.4323
    2.3745    5.0000    0.4078
    2.4329    5.0000    0.5012    2.4323    5.0000    0.4789
    2.4317    5.0000    0.4566    2.4311    5.0000    0.4343
    2.4305    5.0000    0.4120
    2.4878    5.0000    0.4961    2.4873    5.0000    0.4762
    2.4869    5.0000    0.4564    2.4864    5.0000    0.4365
    2.4859    5.0000    0.4166
    2.5417    5.0000    0.4907    2.5413    5.0000    0.4734
    2.5409    5.0000    0.4561    2.5405    5.0000    0.4389
    2.5400    5.0000    0.4216
    2.5939    5.0000    0.4850    2.5936    5.0000    0.4704
    2.5933    5.0000    0.4559    2.5930    5.0000    0.4413
    2.5927    5.0000    0.4268
    2.6440    5.0000    0.4792    2.6438    5.0000    0.4674
    2.6435    5.0000    0.4557    2.6433    5.0000    0.4439
    2.6431    5.0000    0.4321
    2.6915    5.0000    0.4734    2.6914    5.0000    0.4644
    2.6912    5.0000    0.4555    2.6911    5.0000    0.4465
    2.6909    5.0000    0.4375
    2.7381    5.0000    0.4673    2.7380    5.0000    0.4613
    2.7379    5.0000    0.4553    2.7378    5.0000    0.4492
    2.7377    5.0000    0.4432
    2.8197    5.0000    0.4549    2.8197    5.0000    0.4549
    2.8197    5.0000    0.4549    2.8197    5.0000    0.4549
    2.8197    5.0000    0.4549
$POINTS for network #  4   WingWake                                          
       1.0
      18.0                                     0.0       0.0
       2.0      21.0                                                  WingWake  
    1.9988    0.0000   -0.0698  101.9988    0.0000   -0.0698
    2.0398    0.2500   -0.0436  102.0398    0.2500   -0.0436
    2.0809    0.5000   -0.0173  102.0809    0.5000   -0.0173
    2.1219    0.7500    0.0089  102.1219    0.7500    0.0089
    2.1630    1.0000    0.0351  102.1630    1.0000    0.0351
    2.2040    1.2500    0.0614  102.2040    1.2500    0.0614
    2.2451    1.5000    0.0876  102.2451    1.5000    0.0876
    2.2861    1.7500    0.1138  102.2861    1.7500    0.1138
    2.3271    2.0000    0.1401  102.3271    2.0000    0.1401
    2.3682    2.2500    0.1663  102.3682    2.2500    0.1663
    2.4092    2.5000    0.1925  102.4092    2.5000    0.1925
    2.4503    2.7500    0.2188  102.4503    2.7500    0.2188
    2.4913    3.0000    0.2450  102.4913    3.0000    0.2450
    2.5324    3.2500    0.2713  102.5324    3.2500    0.2713
    2.5734    3.5000    0.2975  102.5734    3.5000    0.2975
    2.6145    3.7500    0.3237  102.6145    3.7500    0.3237
    2.6555    4.0000    0.3500  102.6555    4.0000    0.3500
    2.6966    4.2500    0.3762  102.6966    4.2500    0.3762
    2.7376    4.5000    0.4024  102.7376    4.5000    0.4024
    2.7787    4.7500    0.4287  102.7786    4.7500    0.4287
    2.8197    5.0000    0.4549  102.8197    5.0000    0.4549
$END OF INPUT DATA
