(f5.0,4f13.4)
$title INPUT FILE FOR PanAir (A502-ht2)                                        
$title Created by PANIN                                                        
$      second order pressures at grid points
*dupt
*dup
n01c001
 irow            x            y            z          cp1
    1 -9.00000E-04  0.00000E+00  8.80000E-03  8.68599E-01
    2  9.01000E-02  2.50000E-01  3.04000E-02  7.20044E-01
    3  1.81100E-01  5.00000E-01  5.21000E-02  6.37663E-01
    4  2.72100E-01  7.50000E-01  7.37000E-02  6.14332E-01
    5  3.63100E-01  1.00000E+00  9.54000E-02  5.95328E-01
    6  4.54100E-01  1.25000E+00  1.17000E-01  5.84015E-01
    7  5.45100E-01  1.50000E+00  1.38700E-01  5.76652E-01
    8  6.36100E-01  1.75000E+00  1.60300E-01  5.76431E-01
    9  7.27100E-01  2.00000E+00  1.82000E-01  5.78415E-01
   10  8.18100E-01  2.25000E+00  2.03600E-01  5.86357E-01
   11  9.09100E-01  2.50000E+00  2.25300E-01  5.96631E-01
   12  1.00010E+00  2.75000E+00  2.46900E-01  6.11900E-01
   13  1.09110E+00  3.00000E+00  2.68600E-01  6.28691E-01
   14  1.18210E+00  3.25000E+00  2.90200E-01  6.52987E-01
   15  1.27310E+00  3.50000E+00  3.11900E-01  6.79810E-01
   16  1.36410E+00  3.75000E+00  3.33500E-01  7.11934E-01
   17  1.45510E+00  4.00000E+00  3.55200E-01  7.46806E-01
   18  1.54610E+00  4.25000E+00  3.76800E-01  7.90215E-01
   19  1.63710E+00  4.50000E+00  3.98500E-01  8.38153E-01
   20  1.72810E+00  4.75000E+00  4.20100E-01  8.61208E-01
   21  1.81910E+00  5.00000E+00  4.41800E-01  8.71172E-01
*eof
n01c002
    1  2.92000E-02  0.00000E+00  5.45000E-02 -1.68171E-01
    2  1.19400E-01  2.50000E-01  7.50000E-02 -2.18751E-01
    3  2.09600E-01  5.00000E-01  9.56000E-02 -3.63060E-01
    4  2.99800E-01  7.50000E-01  1.16100E-01 -4.08849E-01
    5  3.89900E-01  1.00000E+00  1.36700E-01 -4.37400E-01
    6  4.80100E-01  1.25000E+00  1.57200E-01 -4.53911E-01
    7  5.70300E-01  1.50000E+00  1.77700E-01 -4.62421E-01
    8  6.60500E-01  1.75000E+00  1.98300E-01 -4.65883E-01
    9  7.50700E-01  2.00000E+00  2.18800E-01 -4.62740E-01
   10  8.40900E-01  2.25000E+00  2.39400E-01 -4.56558E-01
   11  9.31100E-01  2.50000E+00  2.59900E-01 -4.45199E-01
   12  1.02130E+00  2.75000E+00  2.80500E-01 -4.30888E-01
   13  1.11150E+00  3.00000E+00  3.01000E-01 -4.10785E-01
   14  1.20170E+00  3.25000E+00  3.21600E-01 -3.86889E-01
   15  1.29180E+00  3.50000E+00  3.42100E-01 -3.55627E-01
   16  1.38200E+00  3.75000E+00  3.62700E-01 -3.21180E-01
   17  1.47220E+00  4.00000E+00  3.83200E-01 -2.76929E-01
   18  1.56240E+00  4.25000E+00  4.03800E-01 -2.24471E-01
   19  1.65260E+00  4.50000E+00  4.24300E-01 -1.57797E-01
   20  1.74280E+00  4.75000E+00  4.44900E-01 -5.09857E-02
   21  1.83300E+00  5.00000E+00  4.65400E-01 -7.05312E-02
*eof
n01c003
    1  9.23000E-02  0.00000E+00  9.03000E-02 -8.22775E-01
    2  1.80800E-01  2.50000E-01  1.10100E-01 -8.33786E-01
    3  2.69400E-01  5.00000E-01  1.29800E-01 -9.78357E-01
    4  3.58000E-01  7.50000E-01  1.49500E-01 -1.02207E+00
    5  4.46500E-01  1.00000E+00  1.69300E-01 -1.04907E+00
    6  5.35100E-01  1.25000E+00  1.89000E-01 -1.06509E+00
    7  6.23700E-01  1.50000E+00  2.08700E-01 -1.07434E+00
    8  7.12200E-01  1.75000E+00  2.28500E-01 -1.07829E+00
    9  8.00800E-01  2.00000E+00  2.48200E-01 -1.07722E+00
   10  8.89400E-01  2.25000E+00  2.67900E-01 -1.07224E+00
   11  9.77900E-01  2.50000E+00  2.87700E-01 -1.06347E+00
   12  1.06650E+00  2.75000E+00  3.07400E-01 -1.05065E+00
   13  1.15500E+00  3.00000E+00  3.27100E-01 -1.03272E+00
   14  1.24360E+00  3.25000E+00  3.46800E-01 -1.01065E+00
   15  1.33220E+00  3.50000E+00  3.66600E-01 -9.84703E-01
   16  1.42070E+00  3.75000E+00  3.86300E-01 -9.51772E-01
   17  1.50930E+00  4.00000E+00  4.06000E-01 -9.11138E-01
   18  1.59790E+00  4.25000E+00  4.25800E-01 -8.62006E-01
   19  1.68640E+00  4.50000E+00  4.45500E-01 -7.97401E-01
   20  1.77500E+00  4.75000E+00  4.65200E-01 -6.59266E-01
   21  1.86360E+00  5.00000E+00  4.85000E-01 -6.68227E-01
*eof
n01c004
    1  1.72800E-01  0.00000E+00  1.15400E-01 -8.61983E-01
    2  2.59300E-01  2.50000E-01  1.34600E-01 -9.22801E-01
    3  3.45800E-01  5.00000E-01  1.53800E-01 -1.00817E+00
    4  4.32400E-01  7.50000E-01  1.73000E-01 -1.03802E+00
    5  5.18900E-01  1.00000E+00  1.92200E-01 -1.05675E+00
    6  6.05400E-01  1.25000E+00  2.11400E-01 -1.06855E+00
    7  6.91900E-01  1.50000E+00  2.30600E-01 -1.07577E+00
    8  7.78400E-01  1.75000E+00  2.49800E-01 -1.07980E+00
    9  8.64900E-01  2.00000E+00  2.69100E-01 -1.08086E+00
   10  9.51400E-01  2.25000E+00  2.88300E-01 -1.07812E+00
   11  1.03800E+00  2.50000E+00  3.07500E-01 -1.07198E+00
   12  1.12450E+00  2.75000E+00  3.26700E-01 -1.06279E+00
   13  1.21100E+00  3.00000E+00  3.45900E-01 -1.04996E+00
   14  1.29750E+00  3.25000E+00  3.65100E-01 -1.03377E+00
   15  1.38400E+00  3.50000E+00  3.84300E-01 -1.01418E+00
   16  1.47050E+00  3.75000E+00  4.03500E-01 -9.89661E-01
   17  1.55710E+00  4.00000E+00  4.22700E-01 -9.59499E-01
   18  1.64360E+00  4.25000E+00  4.41900E-01 -9.23077E-01
   19  1.73010E+00  4.50000E+00  4.61200E-01 -8.77170E-01
   20  1.81660E+00  4.75000E+00  4.80400E-01 -7.66945E-01
   21  1.90310E+00  5.00000E+00  4.99600E-01 -6.77951E-01
*eof
n01c005
    1  2.64000E-01  0.00000E+00  1.29800E-01 -8.51702E-01
    2  3.48200E-01  2.50000E-01  1.48800E-01 -8.90381E-01
    3  4.32400E-01  5.00000E-01  1.67800E-01 -9.40554E-01
    4  5.16600E-01  7.50000E-01  1.86700E-01 -9.62030E-01
    5  6.00900E-01  1.00000E+00  2.05700E-01 -9.75753E-01
    6  6.85100E-01  1.25000E+00  2.24700E-01 -9.84938E-01
    7  7.69300E-01  1.50000E+00  2.43600E-01 -9.90440E-01
    8  8.53500E-01  1.75000E+00  2.62600E-01 -9.93426E-01
    9  9.37700E-01  2.00000E+00  2.81600E-01 -9.94087E-01
   10  1.02190E+00  2.25000E+00  3.00500E-01 -9.91542E-01
   11  1.10610E+00  2.50000E+00  3.19500E-01 -9.86823E-01
   12  1.19030E+00  2.75000E+00  3.38500E-01 -9.79997E-01
   13  1.27460E+00  3.00000E+00  3.57400E-01 -9.70390E-01
   14  1.35880E+00  3.25000E+00  3.76400E-01 -9.59110E-01
   15  1.44300E+00  3.50000E+00  3.95400E-01 -9.44600E-01
   16  1.52720E+00  3.75000E+00  4.14300E-01 -9.25521E-01
   17  1.61140E+00  4.00000E+00  4.33300E-01 -9.01896E-01
   18  1.69560E+00  4.25000E+00  4.52300E-01 -8.71352E-01
   19  1.77980E+00  4.50000E+00  4.71200E-01 -8.31936E-01
   20  1.86410E+00  4.75000E+00  4.90200E-01 -7.30225E-01
   21  1.94830E+00  5.00000E+00  5.09200E-01 -6.10710E-01
*eof
n01c006
    1  3.61500E-01  0.00000E+00  1.35500E-01 -7.54002E-01
    2  4.43200E-01  2.50000E-01  1.54400E-01 -7.79315E-01
    3  5.25000E-01  5.00000E-01  1.73400E-01 -8.01360E-01
    4  6.06800E-01  7.50000E-01  1.92300E-01 -8.15731E-01
    5  6.88500E-01  1.00000E+00  2.11300E-01 -8.25395E-01
    6  7.70300E-01  1.25000E+00  2.30200E-01 -8.31866E-01
    7  8.52100E-01  1.50000E+00  2.49200E-01 -8.35861E-01
    8  9.33800E-01  1.75000E+00  2.68100E-01 -8.37518E-01
    9  1.01560E+00  2.00000E+00  2.87100E-01 -8.36990E-01
   10  1.09740E+00  2.25000E+00  3.06000E-01 -8.35056E-01
   11  1.17910E+00  2.50000E+00  3.25000E-01 -8.32037E-01
   12  1.26090E+00  2.75000E+00  3.43900E-01 -8.26862E-01
   13  1.34270E+00  3.00000E+00  3.62900E-01 -8.20050E-01
   14  1.42440E+00  3.25000E+00  3.81900E-01 -8.11567E-01
   15  1.50620E+00  3.50000E+00  4.00800E-01 -7.99559E-01
   16  1.58800E+00  3.75000E+00  4.19800E-01 -7.84479E-01
   17  1.66970E+00  4.00000E+00  4.38700E-01 -7.65873E-01
   18  1.75150E+00  4.25000E+00  4.57700E-01 -7.40283E-01
   19  1.83330E+00  4.50000E+00  4.76600E-01 -7.06443E-01
   20  1.91500E+00  4.75000E+00  4.95600E-01 -6.15190E-01
   21  1.99680E+00  5.00000E+00  5.14500E-01 -4.77920E-01
*eof
n01c007
    1  4.62700E-01  0.00000E+00  1.35400E-01 -6.59298E-01
    2  5.41900E-01  2.50000E-01  1.54500E-01 -6.71552E-01
    3  6.21200E-01  5.00000E-01  1.73600E-01 -6.76666E-01
    4  7.00400E-01  7.50000E-01  1.92700E-01 -6.85783E-01
    5  7.79600E-01  1.00000E+00  2.11800E-01 -6.92685E-01
    6  8.58900E-01  1.25000E+00  2.30900E-01 -6.97426E-01
    7  9.38100E-01  1.50000E+00  2.50000E-01 -7.00253E-01
    8  1.01730E+00  1.75000E+00  2.69000E-01 -7.00659E-01
    9  1.09660E+00  2.00000E+00  2.88100E-01 -6.99700E-01
   10  1.17580E+00  2.25000E+00  3.07200E-01 -6.98559E-01
   11  1.25500E+00  2.50000E+00  3.26300E-01 -6.96241E-01
   12  1.33430E+00  2.75000E+00  3.45400E-01 -6.92476E-01
   13  1.41350E+00  3.00000E+00  3.64500E-01 -6.87760E-01
   14  1.49270E+00  3.25000E+00  3.83600E-01 -6.79938E-01
   15  1.57200E+00  3.50000E+00  4.02600E-01 -6.68454E-01
   16  1.65120E+00  3.75000E+00  4.21700E-01 -6.55509E-01
   17  1.73040E+00  4.00000E+00  4.40800E-01 -6.39672E-01
   18  1.80960E+00  4.25000E+00  4.59900E-01 -6.18169E-01
   19  1.88890E+00  4.50000E+00  4.79000E-01 -5.88952E-01
   20  1.96810E+00  4.75000E+00  4.98100E-01 -5.06230E-01
   21  2.04730E+00  5.00000E+00  5.17200E-01 -3.70870E-01
*eof
n01c008
    1  5.67600E-01  0.00000E+00  1.31900E-01 -5.97606E-01
    2  6.44200E-01  2.50000E-01  1.51200E-01 -5.95619E-01
    3  7.20800E-01  5.00000E-01  1.70500E-01 -5.92876E-01
    4  7.97400E-01  7.50000E-01  1.89800E-01 -5.97518E-01
    5  8.74000E-01  1.00000E+00  2.09200E-01 -6.01794E-01
    6  9.50600E-01  1.25000E+00  2.28500E-01 -6.04820E-01
    7  1.02720E+00  1.50000E+00  2.47800E-01 -6.06651E-01
    8  1.10390E+00  1.75000E+00  2.67100E-01 -6.07385E-01
    9  1.18050E+00  2.00000E+00  2.86400E-01 -6.07128E-01
   10  1.25710E+00  2.25000E+00  3.05700E-01 -6.05630E-01
   11  1.33370E+00  2.50000E+00  3.25000E-01 -6.02888E-01
   12  1.41030E+00  2.75000E+00  3.44300E-01 -5.99614E-01
   13  1.48690E+00  3.00000E+00  3.63700E-01 -5.95639E-01
   14  1.56350E+00  3.25000E+00  3.83000E-01 -5.89585E-01
   15  1.64010E+00  3.50000E+00  4.02300E-01 -5.81028E-01
   16  1.71670E+00  3.75000E+00  4.21600E-01 -5.69842E-01
   17  1.79340E+00  4.00000E+00  4.40900E-01 -5.54799E-01
   18  1.87000E+00  4.25000E+00  4.60200E-01 -5.34297E-01
   19  1.94660E+00  4.50000E+00  4.79500E-01 -5.05352E-01
   20  2.02320E+00  4.75000E+00  4.98800E-01 -4.27622E-01
   21  2.09980E+00  5.00000E+00  5.18200E-01 -3.05309E-01
*eof
n01c009
    1  6.75500E-01  0.00000E+00  1.25400E-01 -5.45107E-01
    2  7.49400E-01  2.50000E-01  1.45000E-01 -5.34778E-01
    3  8.23300E-01  5.00000E-01  1.64700E-01 -5.28064E-01
    4  8.97200E-01  7.50000E-01  1.84300E-01 -5.29267E-01
    5  9.71100E-01  1.00000E+00  2.03900E-01 -5.30772E-01
    6  1.04510E+00  1.25000E+00  2.23500E-01 -5.32044E-01
    7  1.11900E+00  1.50000E+00  2.43100E-01 -5.33136E-01
    8  1.19290E+00  1.75000E+00  2.62700E-01 -5.33989E-01
    9  1.26680E+00  2.00000E+00  2.82400E-01 -5.34172E-01
   10  1.34070E+00  2.25000E+00  3.02000E-01 -5.32937E-01
   11  1.41470E+00  2.50000E+00  3.21600E-01 -5.30386E-01
   12  1.48860E+00  2.75000E+00  3.41200E-01 -5.27041E-01
   13  1.56250E+00  3.00000E+00  3.60800E-01 -5.22435E-01
   14  1.63640E+00  3.25000E+00  3.80400E-01 -5.17052E-01
   15  1.71030E+00  3.50000E+00  4.00100E-01 -5.10943E-01
   16  1.78420E+00  3.75000E+00  4.19700E-01 -5.01942E-01
   17  1.85820E+00  4.00000E+00  4.39300E-01 -4.88517E-01
   18  1.93210E+00  4.25000E+00  4.58900E-01 -4.69670E-01
   19  2.00600E+00  4.50000E+00  4.78500E-01 -4.41281E-01
   20  2.07990E+00  4.75000E+00  4.98100E-01 -3.69107E-01
   21  2.15380E+00  5.00000E+00  5.17700E-01 -2.61722E-01
*eof
n01c010
    1  7.85400E-01  0.00000E+00  1.16400E-01 -4.92166E-01
    2  8.56600E-01  2.50000E-01  1.36400E-01 -4.77963E-01
    3  9.27800E-01  5.00000E-01  1.56400E-01 -4.67983E-01
    4  9.98900E-01  7.50000E-01  1.76400E-01 -4.66608E-01
    5  1.07010E+00  1.00000E+00  1.96400E-01 -4.66616E-01
    6  1.14130E+00  1.25000E+00  2.16400E-01 -4.67353E-01
    7  1.21250E+00  1.50000E+00  2.36400E-01 -4.67911E-01
    8  1.28370E+00  1.75000E+00  2.56300E-01 -4.67514E-01
    9  1.35480E+00  2.00000E+00  2.76300E-01 -4.66981E-01
   10  1.42600E+00  2.25000E+00  2.96300E-01 -4.66517E-01
   11  1.49720E+00  2.50000E+00  3.16300E-01 -4.65410E-01
   12  1.56840E+00  2.75000E+00  3.36300E-01 -4.62861E-01
   13  1.63950E+00  3.00000E+00  3.56300E-01 -4.58411E-01
   14  1.71070E+00  3.25000E+00  3.76200E-01 -4.52594E-01
   15  1.78190E+00  3.50000E+00  3.96200E-01 -4.46232E-01
   16  1.85310E+00  3.75000E+00  4.16200E-01 -4.38004E-01
   17  1.92430E+00  4.00000E+00  4.36200E-01 -4.26440E-01
   18  1.99540E+00  4.25000E+00  4.56200E-01 -4.09929E-01
   19  2.06660E+00  4.50000E+00  4.76200E-01 -3.83225E-01
   20  2.13780E+00  4.75000E+00  4.96200E-01 -3.18927E-01
   21  2.20900E+00  5.00000E+00  5.16100E-01 -2.27146E-01
*eof
n01c011
    1  8.96700E-01  0.00000E+00  1.05400E-01 -4.42071E-01
    2  9.65100E-01  2.50000E-01  1.25800E-01 -4.25432E-01
    3  1.03350E+00  5.00000E-01  1.46200E-01 -4.13164E-01
    4  1.10190E+00  7.50000E-01  1.66600E-01 -4.09209E-01
    5  1.17030E+00  1.00000E+00  1.87000E-01 -4.07898E-01
    6  1.23870E+00  1.25000E+00  2.07400E-01 -4.07783E-01
    7  1.30710E+00  1.50000E+00  2.27800E-01 -4.07677E-01
    8  1.37550E+00  1.75000E+00  2.48200E-01 -4.07193E-01
    9  1.44390E+00  2.00000E+00  2.68600E-01 -4.06952E-01
   10  1.51230E+00  2.25000E+00  2.89100E-01 -4.06885E-01
   11  1.58070E+00  2.50000E+00  3.09500E-01 -4.05761E-01
   12  1.64910E+00  2.75000E+00  3.29900E-01 -4.03625E-01
   13  1.71760E+00  3.00000E+00  3.50300E-01 -4.00558E-01
   14  1.78600E+00  3.25000E+00  3.70700E-01 -3.95877E-01
   15  1.85440E+00  3.50000E+00  3.91100E-01 -3.89336E-01
   16  1.92280E+00  3.75000E+00  4.11500E-01 -3.81284E-01
   17  1.99120E+00  4.00000E+00  4.31900E-01 -3.70775E-01
   18  2.05960E+00  4.25000E+00  4.52300E-01 -3.54823E-01
   19  2.12800E+00  4.50000E+00  4.72700E-01 -3.28101E-01
   20  2.19640E+00  4.75000E+00  4.93100E-01 -2.72402E-01
   21  2.26480E+00  5.00000E+00  5.13500E-01 -1.96587E-01
*eof
n01c012
    1  1.00850E+00  0.00000E+00  9.26000E-02 -3.91915E-01
    2  1.07410E+00  2.50000E-01  1.13500E-01 -3.74793E-01
    3  1.13970E+00  5.00000E-01  1.34400E-01 -3.61650E-01
    4  1.20540E+00  7.50000E-01  1.55200E-01 -3.56470E-01
    5  1.27100E+00  1.00000E+00  1.76100E-01 -3.54252E-01
    6  1.33660E+00  1.25000E+00  1.97000E-01 -3.53171E-01
    7  1.40220E+00  1.50000E+00  2.17800E-01 -3.52572E-01
    8  1.46790E+00  1.75000E+00  2.38700E-01 -3.52572E-01
    9  1.53350E+00  2.00000E+00  2.59600E-01 -3.52600E-01
   10  1.59910E+00  2.25000E+00  2.80500E-01 -3.51665E-01
   11  1.66470E+00  2.50000E+00  3.01300E-01 -3.49984E-01
   12  1.73040E+00  2.75000E+00  3.22200E-01 -3.48216E-01
   13  1.79600E+00  3.00000E+00  3.43100E-01 -3.46038E-01
   14  1.86160E+00  3.25000E+00  3.64000E-01 -3.42425E-01
   15  1.92720E+00  3.50000E+00  3.84800E-01 -3.36908E-01
   16  1.99290E+00  3.75000E+00  4.05700E-01 -3.29778E-01
   17  2.05850E+00  4.00000E+00  4.26600E-01 -3.20252E-01
   18  2.12410E+00  4.25000E+00  4.47500E-01 -3.05296E-01
   19  2.18970E+00  4.50000E+00  4.68300E-01 -2.79601E-01
   20  2.25540E+00  4.75000E+00  4.89200E-01 -2.32154E-01
   21  2.32100E+00  5.00000E+00  5.10100E-01 -1.71769E-01
*eof
n01c013
    1  1.12020E+00  0.00000E+00  7.85000E-02 -3.43775E-01
    2  1.18300E+00  2.50000E-01  9.98000E-02 -3.26589E-01
    3  1.24580E+00  5.00000E-01  1.21200E-01 -3.13386E-01
    4  1.30870E+00  7.50000E-01  1.42600E-01 -3.08053E-01
    5  1.37150E+00  1.00000E+00  1.64000E-01 -3.05419E-01
    6  1.43440E+00  1.25000E+00  1.85300E-01 -3.03832E-01
    7  1.49720E+00  1.50000E+00  2.06700E-01 -3.03282E-01
    8  1.56010E+00  1.75000E+00  2.28100E-01 -3.03283E-01
    9  1.62290E+00  2.00000E+00  2.49500E-01 -3.02804E-01
   10  1.68580E+00  2.25000E+00  2.70800E-01 -3.01372E-01
   11  1.74860E+00  2.50000E+00  2.92200E-01 -2.99802E-01
   12  1.81150E+00  2.75000E+00  3.13600E-01 -2.97686E-01
   13  1.87430E+00  3.00000E+00  3.34900E-01 -2.94688E-01
   14  1.93720E+00  3.25000E+00  3.56300E-01 -2.91209E-01
   15  2.00000E+00  3.50000E+00  3.77700E-01 -2.86974E-01
   16  2.06290E+00  3.75000E+00  3.99100E-01 -2.80815E-01
   17  2.12570E+00  4.00000E+00  4.20400E-01 -2.71658E-01
   18  2.18860E+00  4.25000E+00  4.41800E-01 -2.57994E-01
   19  2.25140E+00  4.50000E+00  4.63200E-01 -2.34823E-01
   20  2.31430E+00  4.75000E+00  4.84600E-01 -1.95551E-01
   21  2.37710E+00  5.00000E+00  5.05900E-01 -1.48340E-01
*eof
n01c014
    1  1.23100E+00  0.00000E+00  6.33000E-02 -2.99053E-01
    2  1.29110E+00  2.50000E-01  8.52000E-02 -2.81319E-01
    3  1.35120E+00  5.00000E-01  1.07100E-01 -2.68109E-01
    4  1.41130E+00  7.50000E-01  1.29000E-01 -2.62241E-01
    5  1.47140E+00  1.00000E+00  1.50900E-01 -2.59278E-01
    6  1.53150E+00  1.25000E+00  1.72800E-01 -2.57756E-01
    7  1.59160E+00  1.50000E+00  1.94700E-01 -2.57083E-01
    8  1.65170E+00  1.75000E+00  2.16600E-01 -2.56610E-01
    9  1.71170E+00  2.00000E+00  2.38500E-01 -2.55793E-01
   10  1.77180E+00  2.25000E+00  2.60400E-01 -2.54744E-01
   11  1.83190E+00  2.50000E+00  2.82300E-01 -2.53272E-01
   12  1.89200E+00  2.75000E+00  3.04100E-01 -2.50692E-01
   13  1.95210E+00  3.00000E+00  3.26000E-01 -2.47651E-01
   14  2.01220E+00  3.25000E+00  3.47900E-01 -2.44529E-01
   15  2.07230E+00  3.50000E+00  3.69800E-01 -2.40530E-01
   16  2.13240E+00  3.75000E+00  3.91700E-01 -2.34554E-01
   17  2.19250E+00  4.00000E+00  4.13600E-01 -2.25909E-01
   18  2.25260E+00  4.25000E+00  4.35500E-01 -2.13451E-01
   19  2.31270E+00  4.50000E+00  4.57400E-01 -1.91965E-01
   20  2.37280E+00  4.75000E+00  4.79300E-01 -1.60489E-01
   21  2.43290E+00  5.00000E+00  5.01200E-01 -1.25043E-01
*eof
n01c015
    1  1.34030E+00  0.00000E+00  4.73000E-02 -2.53066E-01
    2  1.39770E+00  2.50000E-01  6.97000E-02 -2.35754E-01
    3  1.45500E+00  5.00000E-01  9.21000E-02 -2.22761E-01
    4  1.51240E+00  7.50000E-01  1.14600E-01 -2.16655E-01
    5  1.56980E+00  1.00000E+00  1.37000E-01 -2.13562E-01
    6  1.62720E+00  1.25000E+00  1.59500E-01 -2.11971E-01
    7  1.68450E+00  1.50000E+00  1.81900E-01 -2.11082E-01
    8  1.74190E+00  1.75000E+00  2.04400E-01 -2.10392E-01
    9  1.79930E+00  2.00000E+00  2.26800E-01 -2.09500E-01
   10  1.85670E+00  2.25000E+00  2.49200E-01 -2.08656E-01
   11  1.91410E+00  2.50000E+00  2.71700E-01 -2.07735E-01
   12  1.97140E+00  2.75000E+00  2.94100E-01 -2.06352E-01
   13  2.02880E+00  3.00000E+00  3.16600E-01 -2.04567E-01
   14  2.08620E+00  3.25000E+00  3.39000E-01 -2.02043E-01
   15  2.14360E+00  3.50000E+00  3.61500E-01 -1.98300E-01
   16  2.20090E+00  3.75000E+00  3.83900E-01 -1.92782E-01
   17  2.25830E+00  4.00000E+00  4.06300E-01 -1.85128E-01
   18  2.31570E+00  4.25000E+00  4.28800E-01 -1.74088E-01
   19  2.37310E+00  4.50000E+00  4.51200E-01 -1.54564E-01
   20  2.43050E+00  4.75000E+00  4.73700E-01 -1.30226E-01
   21  2.48780E+00  5.00000E+00  4.96100E-01 -1.07133E-01
*eof
n01c016
    1  1.44720E+00  0.00000E+00  3.07000E-02 -2.06693E-01
    2  1.50190E+00  2.50000E-01  5.37000E-02 -1.90545E-01
    3  1.55670E+00  5.00000E-01  7.67000E-02 -1.78282E-01
    4  1.61140E+00  7.50000E-01  9.97000E-02 -1.72448E-01
    5  1.66610E+00  1.00000E+00  1.22700E-01 -1.69284E-01
    6  1.72080E+00  1.25000E+00  1.45700E-01 -1.67784E-01
    7  1.77560E+00  1.50000E+00  1.68700E-01 -1.66970E-01
    8  1.83030E+00  1.75000E+00  1.91700E-01 -1.66351E-01
    9  1.88500E+00  2.00000E+00  2.14700E-01 -1.65766E-01
   10  1.93970E+00  2.25000E+00  2.37700E-01 -1.65140E-01
   11  1.99440E+00  2.50000E+00  2.60700E-01 -1.64488E-01
   12  2.04920E+00  2.75000E+00  2.83700E-01 -1.63560E-01
   13  2.10390E+00  3.00000E+00  3.06700E-01 -1.62102E-01
   14  2.15860E+00  3.25000E+00  3.29700E-01 -1.59771E-01
   15  2.21330E+00  3.50000E+00  3.52700E-01 -1.56553E-01
   16  2.26810E+00  3.75000E+00  3.75700E-01 -1.52057E-01
   17  2.32280E+00  4.00000E+00  3.98700E-01 -1.45620E-01
   18  2.37750E+00  4.25000E+00  4.21700E-01 -1.35867E-01
   19  2.43220E+00  4.50000E+00  4.44700E-01 -1.18575E-01
   20  2.48690E+00  4.75000E+00  4.67700E-01 -1.00770E-01
   21  2.54170E+00  5.00000E+00  4.90700E-01 -8.82064E-02
*eof
n01c017
    1  1.55100E+00  0.00000E+00  1.39000E-02 -1.62422E-01
    2  1.60320E+00  2.50000E-01  3.75000E-02 -1.46613E-01
    3  1.65530E+00  5.00000E-01  6.10000E-02 -1.35383E-01
    4  1.70750E+00  7.50000E-01  8.46000E-02 -1.29924E-01
    5  1.75960E+00  1.00000E+00  1.08100E-01 -1.26847E-01
    6  1.81180E+00  1.25000E+00  1.31700E-01 -1.25418E-01
    7  1.86390E+00  1.50000E+00  1.55300E-01 -1.24732E-01
    8  1.91610E+00  1.75000E+00  1.78800E-01 -1.24075E-01
    9  1.96820E+00  2.00000E+00  2.02400E-01 -1.23589E-01
   10  2.02030E+00  2.25000E+00  2.25900E-01 -1.22881E-01
   11  2.07250E+00  2.50000E+00  2.49500E-01 -1.21892E-01
   12  2.12460E+00  2.75000E+00  2.73000E-01 -1.20699E-01
   13  2.17680E+00  3.00000E+00  2.96600E-01 -1.19112E-01
   14  2.22890E+00  3.25000E+00  3.20100E-01 -1.16930E-01
   15  2.28110E+00  3.50000E+00  3.43700E-01 -1.13790E-01
   16  2.33320E+00  3.75000E+00  3.67200E-01 -1.09836E-01
   17  2.38540E+00  4.00000E+00  3.90800E-01 -1.04170E-01
   18  2.43750E+00  4.25000E+00  4.14300E-01 -9.57160E-02
   19  2.48970E+00  4.50000E+00  4.37900E-01 -8.05464E-02
   20  2.54180E+00  4.75000E+00  4.61400E-01 -6.89655E-02
   21  2.59390E+00  5.00000E+00  4.85000E-01 -6.49205E-02
*eof
n01c018
    1  1.65040E+00  0.00000E+00 -2.80000E-03 -1.17786E-01
    2  1.70010E+00  2.50000E-01  2.13000E-02 -1.02226E-01
    3  1.74980E+00  5.00000E-01  4.54000E-02 -9.18280E-02
    4  1.79950E+00  7.50000E-01  6.95000E-02 -8.68636E-02
    5  1.84920E+00  1.00000E+00  9.36000E-02 -8.42683E-02
    6  1.89880E+00  1.25000E+00  1.17700E-01 -8.29561E-02
    7  1.94850E+00  1.50000E+00  1.41800E-01 -8.20745E-02
    8  1.99820E+00  1.75000E+00  1.65900E-01 -8.12228E-02
    9  2.04790E+00  2.00000E+00  1.90000E-01 -8.04178E-02
   10  2.09750E+00  2.25000E+00  2.14100E-01 -7.97603E-02
   11  2.14720E+00  2.50000E+00  2.38200E-01 -7.88930E-02
   12  2.19690E+00  2.75000E+00  2.62300E-01 -7.77842E-02
   13  2.24660E+00  3.00000E+00  2.86400E-01 -7.63847E-02
   14  2.29630E+00  3.25000E+00  3.10500E-01 -7.46236E-02
   15  2.34590E+00  3.50000E+00  3.34600E-01 -7.22107E-02
   16  2.39560E+00  3.75000E+00  3.58700E-01 -6.86939E-02
   17  2.44530E+00  4.00000E+00  3.82800E-01 -6.37226E-02
   18  2.49500E+00  4.25000E+00  4.06900E-01 -5.63608E-02
   19  2.54470E+00  4.50000E+00  4.31000E-01 -4.34355E-02
   20  2.59430E+00  4.75000E+00  4.55100E-01 -3.82574E-02
   21  2.64400E+00  5.00000E+00  4.79200E-01 -4.41700E-02
*eof
n01c019
    1  1.74470E+00  0.00000E+00 -1.94000E-02 -8.25542E-02
    2  1.79200E+00  2.50000E-01  5.30000E-03 -6.09396E-02
    3  1.83940E+00  5.00000E-01  2.99000E-02 -5.42306E-02
    4  1.88670E+00  7.50000E-01  5.45000E-02 -4.99913E-02
    5  1.93410E+00  1.00000E+00  7.92000E-02 -4.77526E-02
    6  1.98140E+00  1.25000E+00  1.03800E-01 -4.62508E-02
    7  2.02870E+00  1.50000E+00  1.28500E-01 -4.53928E-02
    8  2.07610E+00  1.75000E+00  1.53100E-01 -4.45819E-02
    9  2.12340E+00  2.00000E+00  1.77700E-01 -4.38422E-02
   10  2.17080E+00  2.25000E+00  2.02400E-01 -4.35384E-02
   11  2.21810E+00  2.50000E+00  2.27000E-01 -4.31998E-02
   12  2.26540E+00  2.75000E+00  2.51700E-01 -4.24484E-02
   13  2.31280E+00  3.00000E+00  2.76300E-01 -4.08763E-02
   14  2.36010E+00  3.25000E+00  3.00900E-01 -3.89509E-02
   15  2.40750E+00  3.50000E+00  3.25600E-01 -3.70566E-02
   16  2.45480E+00  3.75000E+00  3.50200E-01 -3.45460E-02
   17  2.50210E+00  4.00000E+00  3.74900E-01 -3.06083E-02
   18  2.54950E+00  4.25000E+00  3.99500E-01 -2.44841E-02
   19  2.59680E+00  4.50000E+00  4.24100E-01 -1.32873E-02
   20  2.64420E+00  4.75000E+00  4.48800E-01 -1.11736E-02
   21  2.69150E+00  5.00000E+00  4.73400E-01 -3.21021E-02
*eof
n01c020
    1  1.83710E+00  0.00000E+00 -3.64000E-02  2.27074E-03
    2  1.88210E+00  2.50000E-01 -1.12000E-02  2.04525E-02
    3  1.92720E+00  5.00000E-01  1.40000E-02  2.53496E-02
    4  1.97220E+00  7.50000E-01  3.92000E-02  2.86160E-02
    5  2.01730E+00  1.00000E+00  6.44000E-02  3.07946E-02
    6  2.06230E+00  1.25000E+00  8.95000E-02  3.26140E-02
    7  2.10740E+00  1.50000E+00  1.14700E-01  3.36705E-02
    8  2.15240E+00  1.75000E+00  1.39900E-01  3.40630E-02
    9  2.19750E+00  2.00000E+00  1.65100E-01  3.45715E-02
   10  2.24250E+00  2.25000E+00  1.90300E-01  3.46451E-02
   11  2.28760E+00  2.50000E+00  2.15500E-01  3.49312E-02
   12  2.33260E+00  2.75000E+00  2.40700E-01  3.55052E-02
   13  2.37770E+00  3.00000E+00  2.65900E-01  3.69359E-02
   14  2.42270E+00  3.25000E+00  2.91000E-01  3.89316E-02
   15  2.46780E+00  3.50000E+00  3.16200E-01  4.06947E-02
   16  2.51280E+00  3.75000E+00  3.41400E-01  4.24689E-02
   17  2.55790E+00  4.00000E+00  3.66600E-01  4.54705E-02
   18  2.60290E+00  4.25000E+00  3.91800E-01  4.93195E-02
   19  2.64800E+00  4.50000E+00  4.17000E-01  5.56832E-02
   20  2.69300E+00  4.75000E+00  4.42200E-01  4.97641E-02
   21  2.73810E+00  5.00000E+00  4.67300E-01  2.00362E-02
*eof
n01c021
    1  1.99880E+00  0.00000E+00 -6.98000E-02  2.03469E-01
    2  2.03980E+00  2.50000E-01 -4.36000E-02  2.08909E-01
    3  2.08090E+00  5.00000E-01 -1.73000E-02  2.12281E-01
    4  2.12190E+00  7.50000E-01  8.90000E-03  2.12517E-01
    5  2.16300E+00  1.00000E+00  3.51000E-02  2.13690E-01
    6  2.20400E+00  1.25000E+00  6.14000E-02  2.15541E-01
    7  2.24510E+00  1.50000E+00  8.76000E-02  2.16547E-01
    8  2.28610E+00  1.75000E+00  1.13800E-01  2.16549E-01
    9  2.32710E+00  2.00000E+00  1.40100E-01  2.16791E-01
   10  2.36820E+00  2.25000E+00  1.66300E-01  2.16979E-01
   11  2.40920E+00  2.50000E+00  1.92500E-01  2.17063E-01
   12  2.45030E+00  2.75000E+00  2.18800E-01  2.17419E-01
   13  2.49130E+00  3.00000E+00  2.45000E-01  2.18083E-01
   14  2.53240E+00  3.25000E+00  2.71300E-01  2.19853E-01
   15  2.57340E+00  3.50000E+00  2.97500E-01  2.20673E-01
   16  2.61450E+00  3.75000E+00  3.23700E-01  2.21085E-01
   17  2.65550E+00  4.00000E+00  3.50000E-01  2.21940E-01
   18  2.69660E+00  4.25000E+00  3.76200E-01  2.22234E-01
   19  2.73760E+00  4.50000E+00  4.02400E-01  2.25523E-01
   20  2.77870E+00  4.75000E+00  4.28700E-01  2.02224E-01
   21  2.81970E+00  5.00000E+00  4.54900E-01  1.58366E-01
*eof
n02c001
    1  1.99880E+00  0.00000E+00 -6.98000E-02  2.27704E-01
    2  2.03980E+00  2.50000E-01 -4.36000E-02  2.32314E-01
    3  2.08090E+00  5.00000E-01 -1.73000E-02  2.34908E-01
    4  2.12190E+00  7.50000E-01  8.90000E-03  2.34358E-01
    5  2.16300E+00  1.00000E+00  3.51000E-02  2.34248E-01
    6  2.20400E+00  1.25000E+00  6.14000E-02  2.34264E-01
    7  2.24510E+00  1.50000E+00  8.76000E-02  2.34834E-01
    8  2.28610E+00  1.75000E+00  1.13800E-01  2.35014E-01
    9  2.32710E+00  2.00000E+00  1.40100E-01  2.34514E-01
   10  2.36820E+00  2.25000E+00  1.66300E-01  2.34602E-01
   11  2.40920E+00  2.50000E+00  1.92500E-01  2.34801E-01
   12  2.45030E+00  2.75000E+00  2.18800E-01  2.34492E-01
   13  2.49130E+00  3.00000E+00  2.45000E-01  2.32906E-01
   14  2.53240E+00  3.25000E+00  2.71300E-01  2.30805E-01
   15  2.57340E+00  3.50000E+00  2.97500E-01  2.29777E-01
   16  2.61450E+00  3.75000E+00  3.23700E-01  2.29303E-01
   17  2.65550E+00  4.00000E+00  3.50000E-01  2.28725E-01
   18  2.69660E+00  4.25000E+00  3.76200E-01  2.29968E-01
   19  2.73760E+00  4.50000E+00  4.02400E-01  2.34720E-01
   20  2.77870E+00  4.75000E+00  4.28700E-01  2.10394E-01
   21  2.81970E+00  5.00000E+00  4.54900E-01  1.61239E-01
*eof
n02c002
    1  1.83370E+00  0.00000E+00 -8.46000E-02  7.61400E-02
    2  1.87890E+00  2.50000E-01 -5.82000E-02  9.06065E-02
    3  1.92410E+00  5.00000E-01 -3.18000E-02  9.25184E-02
    4  1.96930E+00  7.50000E-01 -5.50000E-03  9.38338E-02
    5  2.01450E+00  1.00000E+00  2.09000E-02  9.45490E-02
    6  2.05970E+00  1.25000E+00  4.73000E-02  9.47761E-02
    7  2.10490E+00  1.50000E+00  7.37000E-02  9.48350E-02
    8  2.15010E+00  1.75000E+00  1.00100E-01  9.48311E-02
    9  2.19530E+00  2.00000E+00  1.26500E-01  9.45964E-02
   10  2.24050E+00  2.25000E+00  1.52900E-01  9.42452E-02
   11  2.28570E+00  2.50000E+00  1.79300E-01  9.36084E-02
   12  2.33090E+00  2.75000E+00  2.05700E-01  9.27066E-02
   13  2.37610E+00  3.00000E+00  2.32100E-01  9.13898E-02
   14  2.42130E+00  3.25000E+00  2.58400E-01  8.94807E-02
   15  2.46650E+00  3.50000E+00  2.84800E-01  8.79647E-02
   16  2.51170E+00  3.75000E+00  3.11200E-01  8.66117E-02
   17  2.55690E+00  4.00000E+00  3.37600E-01  8.46851E-02
   18  2.60210E+00  4.25000E+00  3.64000E-01  8.25615E-02
   19  2.64730E+00  4.50000E+00  3.90400E-01  7.92667E-02
   20  2.69250E+00  4.75000E+00  4.16800E-01  5.94622E-02
   21  2.73770E+00  5.00000E+00  4.43200E-01  1.25890E-02
*eof
n02c003
    1  1.73970E+00  0.00000E+00 -9.11000E-02  1.89488E-02
    2  1.78730E+00  2.50000E-01 -6.46000E-02  3.42780E-02
    3  1.83480E+00  5.00000E-01 -3.82000E-02  3.59712E-02
    4  1.88240E+00  7.50000E-01 -1.18000E-02  3.76307E-02
    5  1.93000E+00  1.00000E+00  1.47000E-02  3.87265E-02
    6  1.97750E+00  1.25000E+00  4.11000E-02  3.88940E-02
    7  2.02510E+00  1.50000E+00  6.75000E-02  3.86465E-02
    8  2.07260E+00  1.75000E+00  9.39000E-02  3.84263E-02
    9  2.12020E+00  2.00000E+00  1.20400E-01  3.82717E-02
   10  2.16780E+00  2.25000E+00  1.46800E-01  3.77126E-02
   11  2.21530E+00  2.50000E+00  1.73200E-01  3.64831E-02
   12  2.26290E+00  2.75000E+00  1.99600E-01  3.53492E-02
   13  2.31040E+00  3.00000E+00  2.26100E-01  3.43021E-02
   14  2.35800E+00  3.25000E+00  2.52500E-01  3.24951E-02
   15  2.40560E+00  3.50000E+00  2.78900E-01  3.06929E-02
   16  2.45310E+00  3.75000E+00  3.05400E-01  2.89999E-02
   17  2.50070E+00  4.00000E+00  3.31800E-01  2.64022E-02
   18  2.54820E+00  4.25000E+00  3.58200E-01  2.32974E-02
   19  2.59580E+00  4.50000E+00  3.84600E-01  2.05321E-02
   20  2.64330E+00  4.75000E+00  4.11100E-01  3.32502E-03
   21  2.69090E+00  5.00000E+00  4.37500E-01 -3.94884E-02
*eof
n02c004
    1  1.64360E+00  0.00000E+00 -9.68000E-02  9.70138E-03
    2  1.69360E+00  2.50000E-01 -7.03000E-02  1.63481E-02
    3  1.74360E+00  5.00000E-01 -4.39000E-02  1.98576E-02
    4  1.79350E+00  7.50000E-01 -1.75000E-02  2.14024E-02
    5  1.84350E+00  1.00000E+00  9.00000E-03  2.22880E-02
    6  1.89350E+00  1.25000E+00  3.54000E-02  2.25550E-02
    7  1.94350E+00  1.50000E+00  6.19000E-02  2.25108E-02
    8  1.99340E+00  1.75000E+00  8.83000E-02  2.22407E-02
    9  2.04340E+00  2.00000E+00  1.14800E-01  2.19221E-02
   10  2.09340E+00  2.25000E+00  1.41200E-01  2.13491E-02
   11  2.14330E+00  2.50000E+00  1.67700E-01  2.02736E-02
   12  2.19330E+00  2.75000E+00  1.94100E-01  1.90498E-02
   13  2.24330E+00  3.00000E+00  2.20600E-01  1.77960E-02
   14  2.29330E+00  3.25000E+00  2.47000E-01  1.58106E-02
   15  2.34320E+00  3.50000E+00  2.73400E-01  1.34438E-02
   16  2.39320E+00  3.75000E+00  2.99900E-01  1.10423E-02
   17  2.44320E+00  4.00000E+00  3.26300E-01  7.74100E-03
   18  2.49320E+00  4.25000E+00  3.52800E-01  4.23459E-03
   19  2.54310E+00  4.50000E+00  3.79200E-01  8.48209E-04
   20  2.59310E+00  4.75000E+00  4.05700E-01 -1.54703E-02
   21  2.64310E+00  5.00000E+00  4.32100E-01 -4.38945E-02
*eof
n02c005
    1  1.54240E+00  0.00000E+00 -1.02200E-01 -8.93067E-03
    2  1.59490E+00  2.50000E-01 -7.57000E-02 -3.91461E-03
    3  1.64740E+00  5.00000E-01 -4.93000E-02 -9.90402E-04
    4  1.69990E+00  7.50000E-01 -2.28000E-02  4.64139E-04
    5  1.75240E+00  1.00000E+00  3.60000E-03  1.12451E-03
    6  1.80500E+00  1.25000E+00  3.01000E-02  1.36208E-03
    7  1.85750E+00  1.50000E+00  5.65000E-02  1.45425E-03
    8  1.91000E+00  1.75000E+00  8.30000E-02  1.30370E-03
    9  1.96250E+00  2.00000E+00  1.09400E-01  7.17700E-04
   10  2.01500E+00  2.25000E+00  1.35900E-01  5.27401E-06
   11  2.06750E+00  2.50000E+00  1.62300E-01 -7.84677E-04
   12  2.12000E+00  2.75000E+00  1.88800E-01 -2.18255E-03
   13  2.17260E+00  3.00000E+00  2.15200E-01 -3.87490E-03
   14  2.22510E+00  3.25000E+00  2.41700E-01 -5.62022E-03
   15  2.27760E+00  3.50000E+00  2.68100E-01 -8.04904E-03
   16  2.33010E+00  3.75000E+00  2.94600E-01 -1.11391E-02
   17  2.38260E+00  4.00000E+00  3.21000E-01 -1.50309E-02
   18  2.43510E+00  4.25000E+00  3.47400E-01 -1.94033E-02
   19  2.48760E+00  4.50000E+00  3.73900E-01 -2.38281E-02
   20  2.54020E+00  4.75000E+00  4.00300E-01 -3.71528E-02
   21  2.59270E+00  5.00000E+00  4.26800E-01 -5.89416E-02
*eof
n02c006
    1  1.43680E+00  0.00000E+00 -1.07100E-01 -2.56096E-02
    2  1.49190E+00  2.50000E-01 -8.06000E-02 -2.18695E-02
    3  1.54710E+00  5.00000E-01 -5.42000E-02 -1.96783E-02
    4  1.60230E+00  7.50000E-01 -2.78000E-02 -1.83834E-02
    5  1.65740E+00  1.00000E+00 -1.30000E-03 -1.77243E-02
    6  1.71260E+00  1.25000E+00  2.51000E-02 -1.76547E-02
    7  1.76770E+00  1.50000E+00  5.15000E-02 -1.78170E-02
    8  1.82290E+00  1.75000E+00  7.80000E-02 -1.78990E-02
    9  1.87810E+00  2.00000E+00  1.04400E-01 -1.85304E-02
   10  1.93320E+00  2.25000E+00  1.30800E-01 -1.95200E-02
   11  1.98840E+00  2.50000E+00  1.57300E-01 -2.03999E-02
   12  2.04360E+00  2.75000E+00  1.83700E-01 -2.19757E-02
   13  2.09870E+00  3.00000E+00  2.10100E-01 -2.41799E-02
   14  2.15390E+00  3.25000E+00  2.36600E-01 -2.63502E-02
   15  2.20910E+00  3.50000E+00  2.63000E-01 -2.93385E-02
   16  2.26420E+00  3.75000E+00  2.89400E-01 -3.28556E-02
   17  2.31940E+00  4.00000E+00  3.15900E-01 -3.66900E-02
   18  2.37460E+00  4.25000E+00  3.42300E-01 -4.16745E-02
   19  2.42970E+00  4.50000E+00  3.68700E-01 -4.69357E-02
   20  2.48490E+00  4.75000E+00  3.95200E-01 -5.66629E-02
   21  2.54000E+00  5.00000E+00  4.21600E-01 -7.08329E-02
*eof
n02c007
    1  1.32800E+00  0.00000E+00 -1.11300E-01 -3.95756E-02
    2  1.38590E+00  2.50000E-01 -8.49000E-02 -3.73693E-02
    3  1.44380E+00  5.00000E-01 -5.85000E-02 -3.61418E-02
    4  1.50170E+00  7.50000E-01 -3.21000E-02 -3.53596E-02
    5  1.55960E+00  1.00000E+00 -5.70000E-03 -3.48365E-02
    6  1.61750E+00  1.25000E+00  2.07000E-02 -3.46192E-02
    7  1.67540E+00  1.50000E+00  4.71000E-02 -3.46928E-02
    8  1.73330E+00  1.75000E+00  7.35000E-02 -3.50078E-02
    9  1.79120E+00  2.00000E+00  9.99000E-02 -3.56378E-02
   10  1.84910E+00  2.25000E+00  1.26300E-01 -3.64871E-02
   11  1.90690E+00  2.50000E+00  1.52700E-01 -3.76867E-02
   12  1.96480E+00  2.75000E+00  1.79100E-01 -3.94252E-02
   13  2.02270E+00  3.00000E+00  2.05500E-01 -4.19706E-02
   14  2.08060E+00  3.25000E+00  2.31800E-01 -4.53009E-02
   15  2.13850E+00  3.50000E+00  2.58200E-01 -4.92109E-02
   16  2.19640E+00  3.75000E+00  2.84600E-01 -5.34642E-02
   17  2.25430E+00  4.00000E+00  3.11000E-01 -5.79517E-02
   18  2.31220E+00  4.25000E+00  3.37400E-01 -6.32377E-02
   19  2.37010E+00  4.50000E+00  3.63800E-01 -6.89921E-02
   20  2.42800E+00  4.75000E+00  3.90200E-01 -7.56929E-02
   21  2.48590E+00  5.00000E+00  4.16600E-01 -8.39148E-02
*eof
n02c008
    1  1.21700E+00  0.00000E+00 -1.14800E-01 -5.23772E-02
    2  1.27770E+00  2.50000E-01 -8.84000E-02 -5.14478E-02
    3  1.33840E+00  5.00000E-01 -6.21000E-02 -5.14046E-02
    4  1.39910E+00  7.50000E-01 -3.58000E-02 -5.12561E-02
    5  1.45970E+00  1.00000E+00 -9.40000E-03 -5.09647E-02
    6  1.52040E+00  1.25000E+00  1.69000E-02 -5.06548E-02
    7  1.58110E+00  1.50000E+00  4.33000E-02 -5.07551E-02
    8  1.64180E+00  1.75000E+00  6.96000E-02 -5.14855E-02
    9  1.70240E+00  2.00000E+00  9.59000E-02 -5.23834E-02
   10  1.76310E+00  2.25000E+00  1.22300E-01 -5.32859E-02
   11  1.82380E+00  2.50000E+00  1.48600E-01 -5.49539E-02
   12  1.88450E+00  2.75000E+00  1.74900E-01 -5.70483E-02
   13  1.94510E+00  3.00000E+00  2.01300E-01 -5.93078E-02
   14  2.00580E+00  3.25000E+00  2.27600E-01 -6.22600E-02
   15  2.06650E+00  3.50000E+00  2.54000E-01 -6.57706E-02
   16  2.12720E+00  3.75000E+00  2.80300E-01 -7.02940E-02
   17  2.18780E+00  4.00000E+00  3.06600E-01 -7.58890E-02
   18  2.24850E+00  4.25000E+00  3.33000E-01 -8.20088E-02
   19  2.30920E+00  4.50000E+00  3.59300E-01 -8.85927E-02
   20  2.36990E+00  4.75000E+00  3.85700E-01 -9.31735E-02
   21  2.43050E+00  5.00000E+00  4.12000E-01 -9.62035E-02
*eof
n02c009
    1  1.10460E+00  0.00000E+00 -1.17200E-01 -6.24365E-02
    2  1.16810E+00  2.50000E-01 -9.10000E-02 -6.34128E-02
    3  1.23160E+00  5.00000E-01 -6.47000E-02 -6.45595E-02
    4  1.29510E+00  7.50000E-01 -3.85000E-02 -6.49066E-02
    5  1.35860E+00  1.00000E+00 -1.22000E-02 -6.51177E-02
    6  1.42210E+00  1.25000E+00  1.40000E-02 -6.52808E-02
    7  1.48550E+00  1.50000E+00  4.03000E-02 -6.55765E-02
    8  1.54900E+00  1.75000E+00  6.65000E-02 -6.61103E-02
    9  1.61250E+00  2.00000E+00  9.28000E-02 -6.68177E-02
   10  1.67600E+00  2.25000E+00  1.19000E-01 -6.80186E-02
   11  1.73950E+00  2.50000E+00  1.45300E-01 -6.99080E-02
   12  1.80300E+00  2.75000E+00  1.71500E-01 -7.22202E-02
   13  1.86650E+00  3.00000E+00  1.97800E-01 -7.49676E-02
   14  1.93000E+00  3.25000E+00  2.24000E-01 -7.81753E-02
   15  1.99350E+00  3.50000E+00  2.50300E-01 -8.15082E-02
   16  2.05700E+00  3.75000E+00  2.76600E-01 -8.59482E-02
   17  2.12050E+00  4.00000E+00  3.02800E-01 -9.20759E-02
   18  2.18400E+00  4.25000E+00  3.29100E-01 -9.92839E-02
   19  2.24750E+00  4.50000E+00  3.55300E-01 -1.07242E-01
   20  2.31100E+00  4.75000E+00  3.81600E-01 -1.10455E-01
   21  2.37450E+00  5.00000E+00  4.07800E-01 -1.09359E-01
*eof
n02c010
    1  9.91500E-01  0.00000E+00 -1.18500E-01 -7.10889E-02
    2  1.05780E+00  2.50000E-01 -9.24000E-02 -7.39206E-02
    3  1.12410E+00  5.00000E-01 -6.63000E-02 -7.63567E-02
    4  1.19040E+00  7.50000E-01 -4.01000E-02 -7.69880E-02
    5  1.25680E+00  1.00000E+00 -1.40000E-02 -7.74562E-02
    6  1.32310E+00  1.25000E+00  1.21000E-02 -7.78301E-02
    7  1.38940E+00  1.50000E+00  3.83000E-02 -7.80357E-02
    8  1.45580E+00  1.75000E+00  6.44000E-02 -7.84132E-02
    9  1.52210E+00  2.00000E+00  9.06000E-02 -7.92619E-02
   10  1.58840E+00  2.25000E+00  1.16700E-01 -8.08500E-02
   11  1.65470E+00  2.50000E+00  1.42800E-01 -8.27821E-02
   12  1.72110E+00  2.75000E+00  1.69000E-01 -8.50290E-02
   13  1.78740E+00  3.00000E+00  1.95100E-01 -8.82978E-02
   14  1.85370E+00  3.25000E+00  2.21200E-01 -9.21599E-02
   15  1.92000E+00  3.50000E+00  2.47400E-01 -9.63323E-02
   16  1.98640E+00  3.75000E+00  2.73500E-01 -1.01903E-01
   17  2.05270E+00  4.00000E+00  2.99600E-01 -1.08982E-01
   18  2.11900E+00  4.25000E+00  3.25800E-01 -1.17058E-01
   19  2.18540E+00  4.50000E+00  3.51900E-01 -1.26178E-01
   20  2.25170E+00  4.75000E+00  3.78100E-01 -1.28453E-01
   21  2.31800E+00  5.00000E+00  4.04200E-01 -1.24598E-01
*eof
n02c011
    1  8.78400E-01  0.00000E+00 -1.18500E-01 -7.82594E-02
    2  9.47500E-01  2.50000E-01 -9.25000E-02 -8.24552E-02
    3  1.01670E+00  5.00000E-01 -6.65000E-02 -8.64320E-02
    4  1.08590E+00  7.50000E-01 -4.05000E-02 -8.74333E-02
    5  1.15500E+00  1.00000E+00 -1.45000E-02 -8.77217E-02
    6  1.22420E+00  1.25000E+00  1.15000E-02 -8.77787E-02
    7  1.29330E+00  1.50000E+00  3.75000E-02 -8.78704E-02
    8  1.36250E+00  1.75000E+00  6.35000E-02 -8.85729E-02
    9  1.43170E+00  2.00000E+00  8.94000E-02 -9.01056E-02
   10  1.50080E+00  2.25000E+00  1.15400E-01 -9.19160E-02
   11  1.57000E+00  2.50000E+00  1.41400E-01 -9.37991E-02
   12  1.63910E+00  2.75000E+00  1.67400E-01 -9.61374E-02
   13  1.70830E+00  3.00000E+00  1.93400E-01 -9.91765E-02
   14  1.77740E+00  3.25000E+00  2.19400E-01 -1.03240E-01
   15  1.84660E+00  3.50000E+00  2.45400E-01 -1.08812E-01
   16  1.91580E+00  3.75000E+00  2.71300E-01 -1.15950E-01
   17  1.98490E+00  4.00000E+00  2.97300E-01 -1.24106E-01
   18  2.05410E+00  4.25000E+00  3.23300E-01 -1.33229E-01
   19  2.12320E+00  4.50000E+00  3.49300E-01 -1.43911E-01
   20  2.19240E+00  4.75000E+00  3.75300E-01 -1.46451E-01
   21  2.26150E+00  5.00000E+00  4.01300E-01 -1.41857E-01
*eof
n02c012
    1  7.66100E-01  0.00000E+00 -1.16700E-01 -8.03607E-02
    2  8.38100E-01  2.50000E-01 -9.09000E-02 -8.65125E-02
    3  9.10000E-01  5.00000E-01 -6.51000E-02 -9.21841E-02
    4  9.82000E-01  7.50000E-01 -3.93000E-02 -9.38002E-02
    5  1.05400E+00  1.00000E+00 -1.35000E-02 -9.43273E-02
    6  1.12590E+00  1.25000E+00  1.23000E-02 -9.45550E-02
    7  1.19790E+00  1.50000E+00  3.81000E-02 -9.48329E-02
    8  1.26990E+00  1.75000E+00  6.39000E-02 -9.55487E-02
    9  1.34180E+00  2.00000E+00  8.97000E-02 -9.67369E-02
   10  1.41380E+00  2.25000E+00  1.15500E-01 -9.82267E-02
   11  1.48580E+00  2.50000E+00  1.41300E-01 -1.00419E-01
   12  1.55770E+00  2.75000E+00  1.67100E-01 -1.03384E-01
   13  1.62970E+00  3.00000E+00  1.92900E-01 -1.06925E-01
   14  1.70170E+00  3.25000E+00  2.18700E-01 -1.11933E-01
   15  1.77360E+00  3.50000E+00  2.44400E-01 -1.18645E-01
   16  1.84560E+00  3.75000E+00  2.70200E-01 -1.25934E-01
   17  1.91760E+00  4.00000E+00  2.96000E-01 -1.34522E-01
   18  1.98950E+00  4.25000E+00  3.21800E-01 -1.45287E-01
   19  2.06150E+00  4.50000E+00  3.47600E-01 -1.58454E-01
   20  2.13350E+00  4.75000E+00  3.73400E-01 -1.63323E-01
   21  2.20540E+00  5.00000E+00  3.99200E-01 -1.61468E-01
*eof
n02c013
    1  6.55400E-01  0.00000E+00 -1.13000E-01 -7.75141E-02
    2  7.30200E-01  2.50000E-01 -8.74000E-02 -8.54979E-02
    3  8.04900E-01  5.00000E-01 -6.18000E-02 -9.30452E-02
    4  8.79600E-01  7.50000E-01 -3.63000E-02 -9.52244E-02
    5  9.54400E-01  1.00000E+00 -1.07000E-02 -9.61063E-02
    6  1.02910E+00  1.25000E+00  1.48000E-02 -9.66061E-02
    7  1.10380E+00  1.50000E+00  4.04000E-02 -9.71642E-02
    8  1.17860E+00  1.75000E+00  6.59000E-02 -9.77864E-02
    9  1.25330E+00  2.00000E+00  9.15000E-02 -9.85313E-02
   10  1.32800E+00  2.25000E+00  1.17100E-01 -1.00034E-01
   11  1.40270E+00  2.50000E+00  1.42600E-01 -1.02558E-01
   12  1.47750E+00  2.75000E+00  1.68200E-01 -1.06012E-01
   13  1.55220E+00  3.00000E+00  1.93700E-01 -1.10530E-01
   14  1.62690E+00  3.25000E+00  2.19300E-01 -1.16199E-01
   15  1.70170E+00  3.50000E+00  2.44800E-01 -1.22889E-01
   16  1.77640E+00  3.75000E+00  2.70400E-01 -1.30147E-01
   17  1.85110E+00  4.00000E+00  2.96000E-01 -1.39200E-01
   18  1.92590E+00  4.25000E+00  3.21500E-01 -1.51291E-01
   19  2.00060E+00  4.50000E+00  3.47100E-01 -1.67071E-01
   20  2.07530E+00  4.75000E+00  3.72600E-01 -1.75936E-01
   21  2.15010E+00  5.00000E+00  3.98200E-01 -1.79208E-01
*eof
n02c014
    1  5.47200E-01  0.00000E+00 -1.07000E-01 -6.98073E-02
    2  6.24600E-01  2.50000E-01 -8.17000E-02 -7.80786E-02
    3  7.02000E-01  5.00000E-01 -5.64000E-02 -8.81496E-02
    4  7.79500E-01  7.50000E-01 -3.12000E-02 -9.00859E-02
    5  8.56900E-01  1.00000E+00 -5.90000E-03 -9.01440E-02
    6  9.34300E-01  1.25000E+00  1.94000E-02 -9.00855E-02
    7  1.01180E+00  1.50000E+00  4.46000E-02 -9.06736E-02
    8  1.08920E+00  1.75000E+00  6.99000E-02 -9.14586E-02
    9  1.16660E+00  2.00000E+00  9.52000E-02 -9.27600E-02
   10  1.24410E+00  2.25000E+00  1.20400E-01 -9.50771E-02
   11  1.32150E+00  2.50000E+00  1.45700E-01 -9.79092E-02
   12  1.39900E+00  2.75000E+00  1.71000E-01 -1.01621E-01
   13  1.47640E+00  3.00000E+00  1.96200E-01 -1.06551E-01
   14  1.55380E+00  3.25000E+00  2.21500E-01 -1.12073E-01
   15  1.63130E+00  3.50000E+00  2.46800E-01 -1.18701E-01
   16  1.70870E+00  3.75000E+00  2.72000E-01 -1.27133E-01
   17  1.78610E+00  4.00000E+00  2.97300E-01 -1.37606E-01
   18  1.86360E+00  4.25000E+00  3.22600E-01 -1.51070E-01
   19  1.94100E+00  4.50000E+00  3.47800E-01 -1.69373E-01
   20  2.01840E+00  4.75000E+00  3.73100E-01 -1.83607E-01
   21  2.09590E+00  5.00000E+00  3.98400E-01 -1.97470E-01
*eof
n02c015
    1  4.42200E-01  0.00000E+00 -9.83000E-02 -4.32805E-02
    2  5.22300E-01  2.50000E-01 -7.34000E-02 -5.23217E-02
    3  6.02300E-01  5.00000E-01 -4.85000E-02 -6.40252E-02
    4  6.82400E-01  7.50000E-01 -2.36000E-02 -6.52579E-02
    5  7.62400E-01  1.00000E+00  1.40000E-03 -6.48155E-02
    6  8.42500E-01  1.25000E+00  2.63000E-02 -6.44462E-02
    7  9.22500E-01  1.50000E+00  5.12000E-02 -6.47058E-02
    8  1.00260E+00  1.75000E+00  7.61000E-02 -6.56137E-02
    9  1.08260E+00  2.00000E+00  1.01000E-01 -6.73170E-02
   10  1.16270E+00  2.25000E+00  1.25900E-01 -6.99737E-02
   11  1.24270E+00  2.50000E+00  1.50800E-01 -7.31422E-02
   12  1.32280E+00  2.75000E+00  1.75700E-01 -7.72295E-02
   13  1.40280E+00  3.00000E+00  2.00600E-01 -8.22151E-02
   14  1.48290E+00  3.25000E+00  2.25600E-01 -8.80714E-02
   15  1.56290E+00  3.50000E+00  2.50500E-01 -9.57291E-02
   16  1.64300E+00  3.75000E+00  2.75400E-01 -1.06039E-01
   17  1.72300E+00  4.00000E+00  3.00300E-01 -1.18571E-01
   18  1.80310E+00  4.25000E+00  3.25200E-01 -1.33735E-01
   19  1.88310E+00  4.50000E+00  3.50100E-01 -1.54031E-01
   20  1.96320E+00  4.75000E+00  3.75000E-01 -1.76121E-01
   21  2.04320E+00  5.00000E+00  3.99900E-01 -2.06172E-01
*eof
n02c016
    1  3.42300E-01  0.00000E+00 -8.67000E-02  1.48442E-02
    2  4.24800E-01  2.50000E-01 -6.22000E-02  1.06092E-03
    3  5.07400E-01  5.00000E-01 -3.77000E-02 -9.12175E-03
    4  5.89900E-01  7.50000E-01 -1.32000E-02 -9.53236E-03
    5  6.72400E-01  1.00000E+00  1.12000E-02 -9.47256E-03
    6  7.55000E-01  1.25000E+00  3.57000E-02 -9.08086E-03
    7  8.37500E-01  1.50000E+00  6.02000E-02 -8.80771E-03
    8  9.20100E-01  1.75000E+00  8.47000E-02 -9.41260E-03
    9  1.00260E+00  2.00000E+00  1.09200E-01 -1.09230E-02
   10  1.08510E+00  2.25000E+00  1.33700E-01 -1.34368E-02
   11  1.16770E+00  2.50000E+00  1.58200E-01 -1.70938E-02
   12  1.25020E+00  2.75000E+00  1.82700E-01 -2.15650E-02
   13  1.33270E+00  3.00000E+00  2.07200E-01 -2.69794E-02
   14  1.41530E+00  3.25000E+00  2.31700E-01 -3.40075E-02
   15  1.49780E+00  3.50000E+00  2.56200E-01 -4.29364E-02
   16  1.58040E+00  3.75000E+00  2.80600E-01 -5.42821E-02
   17  1.66290E+00  4.00000E+00  3.05100E-01 -6.80246E-02
   18  1.74540E+00  4.25000E+00  3.29600E-01 -8.47435E-02
   19  1.82800E+00  4.50000E+00  3.54100E-01 -1.06701E-01
   20  1.91050E+00  4.75000E+00  3.78600E-01 -1.40417E-01
   21  1.99300E+00  5.00000E+00  4.03100E-01 -1.84743E-01
*eof
n02c017
    1  2.49800E-01  0.00000E+00 -7.36000E-02  8.29398E-02
    2  3.34600E-01  2.50000E-01 -4.96000E-02  6.24142E-02
    3  4.19400E-01  5.00000E-01 -2.55000E-02  5.59712E-02
    4  5.04300E-01  7.50000E-01 -1.50000E-03  5.73666E-02
    5  5.89100E-01  1.00000E+00  2.25000E-02  5.84113E-02
    6  6.74000E-01  1.25000E+00  4.66000E-02  5.94965E-02
    7  7.58800E-01  1.50000E+00  7.06000E-02  5.99922E-02
    8  8.43600E-01  1.75000E+00  9.47000E-02  5.95583E-02
    9  9.28500E-01  2.00000E+00  1.18700E-01  5.83184E-02
   10  1.01330E+00  2.25000E+00  1.42800E-01  5.60158E-02
   11  1.09810E+00  2.50000E+00  1.66800E-01  5.18942E-02
   12  1.18300E+00  2.75000E+00  1.90800E-01  4.65933E-02
   13  1.26780E+00  3.00000E+00  2.14900E-01  4.04060E-02
   14  1.35260E+00  3.25000E+00  2.38900E-01  3.22976E-02
   15  1.43750E+00  3.50000E+00  2.63000E-01  2.26034E-02
   16  1.52230E+00  3.75000E+00  2.87000E-01  1.12684E-02
   17  1.60720E+00  4.00000E+00  3.11100E-01 -3.29094E-03
   18  1.69200E+00  4.25000E+00  3.35100E-01 -2.21236E-02
   19  1.77680E+00  4.50000E+00  3.59100E-01 -4.62812E-02
   20  1.86170E+00  4.75000E+00  3.83200E-01 -9.48756E-02
   21  1.94650E+00  5.00000E+00  4.07200E-01 -1.50757E-01
*eof
n02c018
    1  1.65500E-01  0.00000E+00 -6.06000E-02  1.19734E-01
    2  2.52500E-01  2.50000E-01 -3.70000E-02  9.82017E-02
    3  3.39400E-01  5.00000E-01 -1.34000E-02  9.53015E-02
    4  4.26300E-01  7.50000E-01  1.02000E-02  9.98822E-02
    5  5.13300E-01  1.00000E+00  3.38000E-02  1.02815E-01
    6  6.00200E-01  1.25000E+00  5.74000E-02  1.04588E-01
    7  6.87100E-01  1.50000E+00  8.10000E-02  1.05221E-01
    8  7.74000E-01  1.75000E+00  1.04600E-01  1.04683E-01
    9  8.61000E-01  2.00000E+00  1.28200E-01  1.03132E-01
   10  9.47900E-01  2.25000E+00  1.51900E-01  1.00701E-01
   11  1.03480E+00  2.50000E+00  1.75500E-01  9.66625E-02
   12  1.12170E+00  2.75000E+00  1.99100E-01  9.09549E-02
   13  1.20870E+00  3.00000E+00  2.22700E-01  8.34357E-02
   14  1.29560E+00  3.25000E+00  2.46300E-01  7.39119E-02
   15  1.38250E+00  3.50000E+00  2.69900E-01  6.26425E-02
   16  1.46950E+00  3.75000E+00  2.93500E-01  4.92153E-02
   17  1.55640E+00  4.00000E+00  3.17100E-01  3.23347E-02
   18  1.64330E+00  4.25000E+00  3.40700E-01  1.04880E-02
   19  1.73020E+00  4.50000E+00  3.64300E-01 -1.70152E-02
   20  1.81720E+00  4.75000E+00  3.87900E-01 -8.07892E-02
   21  1.90410E+00  5.00000E+00  4.11500E-01 -1.50292E-01
*eof
n02c019
    1  9.07000E-02  0.00000E+00 -4.71000E-02 -2.93070E-02
    2  1.79500E-01  2.50000E-01 -2.40000E-02  5.75795E-02
    3  2.68300E-01  5.00000E-01 -8.00000E-04  3.70421E-02
    4  3.57000E-01  7.50000E-01  2.24000E-02  5.01298E-02
    5  4.45800E-01  1.00000E+00  4.56000E-02  5.83451E-02
    6  5.34600E-01  1.25000E+00  6.87000E-02  6.32279E-02
    7  6.23400E-01  1.50000E+00  9.19000E-02  6.58137E-02
    8  7.12200E-01  1.75000E+00  1.15100E-01  6.58694E-02
    9  8.01000E-01  2.00000E+00  1.38200E-01  6.33934E-02
   10  8.89700E-01  2.25000E+00  1.61400E-01  5.95629E-02
   11  9.78500E-01  2.50000E+00  1.84600E-01  5.35966E-02
   12  1.06730E+00  2.75000E+00  2.07800E-01  4.49881E-02
   13  1.15610E+00  3.00000E+00  2.30900E-01  3.34282E-02
   14  1.24490E+00  3.25000E+00  2.54100E-01  1.93450E-02
   15  1.33370E+00  3.50000E+00  2.77300E-01  1.73475E-03
   16  1.42240E+00  3.75000E+00  3.00400E-01 -1.99476E-02
   17  1.51120E+00  4.00000E+00  3.23600E-01 -4.63450E-02
   18  1.60000E+00  4.25000E+00  3.46800E-01 -7.91728E-02
   19  1.68880E+00  4.50000E+00  3.69900E-01 -1.19971E-01
   20  1.77760E+00  4.75000E+00  3.93100E-01 -1.73306E-01
   21  1.86640E+00  5.00000E+00  4.16300E-01 -3.76925E-01
*eof
n02c020
    1  2.90000E-02  0.00000E+00 -2.86000E-02  2.71836E-01
    2  1.19300E-01  2.50000E-01 -5.90000E-03  3.65217E-01
    3  2.09600E-01  5.00000E-01  1.67000E-02  3.49333E-01
    4  2.99900E-01  7.50000E-01  3.93000E-02  3.66855E-01
    5  3.90200E-01  1.00000E+00  6.19000E-02  3.77813E-01
    6  4.80500E-01  1.25000E+00  8.46000E-02  3.85333E-01
    7  5.70800E-01  1.50000E+00  1.07200E-01  3.88980E-01
    8  6.61200E-01  1.75000E+00  1.29800E-01  3.88816E-01
    9  7.51500E-01  2.00000E+00  1.52400E-01  3.86571E-01
   10  8.41800E-01  2.25000E+00  1.75100E-01  3.82555E-01
   11  9.32100E-01  2.50000E+00  1.97700E-01  3.75468E-01
   12  1.02240E+00  2.75000E+00  2.20300E-01  3.65702E-01
   13  1.11270E+00  3.00000E+00  2.42900E-01  3.53165E-01
   14  1.20300E+00  3.25000E+00  2.65600E-01  3.38333E-01
   15  1.29330E+00  3.50000E+00  2.88200E-01  3.18273E-01
   16  1.38360E+00  3.75000E+00  3.10800E-01  2.92971E-01
   17  1.47390E+00  4.00000E+00  3.33400E-01  2.61812E-01
   18  1.56420E+00  4.25000E+00  3.56100E-01  2.23358E-01
   19  1.65450E+00  4.50000E+00  3.78700E-01  1.72146E-01
   20  1.74480E+00  4.75000E+00  4.01300E-01  1.04310E-01
   21  1.83510E+00  5.00000E+00  4.23900E-01 -1.28566E-01
*eof
n02c021
    1 -9.00000E-04  0.00000E+00  8.80000E-03  1.02106E+00
    2  9.01000E-02  2.50000E-01  3.04000E-02  1.02320E+00
    3  1.81100E-01  5.00000E-01  5.21000E-02  1.04591E+00
    4  2.72100E-01  7.50000E-01  7.37000E-02  1.06104E+00
    5  3.63100E-01  1.00000E+00  9.54000E-02  1.06943E+00
    6  4.54100E-01  1.25000E+00  1.17000E-01  1.07329E+00
    7  5.45100E-01  1.50000E+00  1.38700E-01  1.07609E+00
    8  6.36100E-01  1.75000E+00  1.60300E-01  1.07569E+00
    9  7.27100E-01  2.00000E+00  1.82000E-01  1.07504E+00
   10  8.18100E-01  2.25000E+00  2.03600E-01  1.07151E+00
   11  9.09100E-01  2.50000E+00  2.25300E-01  1.06781E+00
   12  1.00010E+00  2.75000E+00  2.46900E-01  1.06127E+00
   13  1.09110E+00  3.00000E+00  2.68600E-01  1.05393E+00
   14  1.18210E+00  3.25000E+00  2.90200E-01  1.04217E+00
   15  1.27310E+00  3.50000E+00  3.11900E-01  1.02877E+00
   16  1.36410E+00  3.75000E+00  3.33500E-01  1.01030E+00
   17  1.45510E+00  4.00000E+00  3.55200E-01  9.87438E-01
   18  1.54610E+00  4.25000E+00  3.76800E-01  9.55043E-01
   19  1.63710E+00  4.50000E+00  3.98500E-01  9.18195E-01
   20  1.72810E+00  4.75000E+00  4.20100E-01  7.93866E-01
   21  1.81910E+00  5.00000E+00  4.41800E-01  6.20889E-01
*eof
n03c001
    1  1.81910E+00  5.00000E+00  4.41800E-01 -2.83879E+00
    2  1.81910E+00  5.00000E+00  4.41800E-01 -2.48171E+00
    3  1.81910E+00  5.00000E+00  4.41800E-01 -2.08443E+00
    4  1.81910E+00  5.00000E+00  4.41800E-01 -2.46886E+00
    5  1.81910E+00  5.00000E+00  4.41800E-01 -2.89351E+00
*eof
n03c002
    1  1.83300E+00  5.00000E+00  4.65400E-01 -1.48798E+00
    2  1.83350E+00  5.00000E+00  4.55000E-01 -1.28890E+00
    3  1.83400E+00  5.00000E+00  4.44700E-01 -9.97274E-01
    4  1.83460E+00  5.00000E+00  4.34300E-01 -1.21719E+00
    5  1.83510E+00  5.00000E+00  4.23900E-01 -1.38251E+00
*eof
n03c003
    1  1.86360E+00  5.00000E+00  4.85000E-01 -6.58123E-02
    2  1.86430E+00  5.00000E+00  4.67800E-01 -2.92004E-01
    3  1.86500E+00  5.00000E+00  4.50600E-01 -1.85732E-01
    4  1.86570E+00  5.00000E+00  4.33500E-01 -2.33702E-01
    5  1.86640E+00  5.00000E+00  4.16300E-01  6.03084E-02
*eof
n03c004
    1  1.90310E+00  5.00000E+00  4.99600E-01 -3.01879E-01
    2  1.90340E+00  5.00000E+00  4.77600E-01 -2.65872E-01
    3  1.90360E+00  5.00000E+00  4.55500E-01 -2.16786E-01
    4  1.90390E+00  5.00000E+00  4.33500E-01 -2.26073E-01
    5  1.90410E+00  5.00000E+00  4.11500E-01 -2.34481E-01
*eof
n03c005
    1  1.94830E+00  5.00000E+00  5.09200E-01 -2.51293E-01
    2  1.94780E+00  5.00000E+00  4.83700E-01 -2.19993E-01
    3  1.94740E+00  5.00000E+00  4.58200E-01 -1.87638E-01
    4  1.94690E+00  5.00000E+00  4.32700E-01 -2.01477E-01
    5  1.94650E+00  5.00000E+00  4.07200E-01 -2.30685E-01
*eof
n03c006
    1  1.99680E+00  5.00000E+00  5.14500E-01 -2.29854E-01
    2  1.99590E+00  5.00000E+00  4.86700E-01 -1.98975E-01
    3  1.99490E+00  5.00000E+00  4.58800E-01 -1.74144E-01
    4  1.99400E+00  5.00000E+00  4.31000E-01 -1.90297E-01
    5  1.99300E+00  5.00000E+00  4.03100E-01 -2.26523E-01
*eof
n03c007
    1  2.04730E+00  5.00000E+00  5.17200E-01 -2.24070E-01
    2  2.04630E+00  5.00000E+00  4.87900E-01 -1.88539E-01
    3  2.04530E+00  5.00000E+00  4.58600E-01 -1.63316E-01
    4  2.04430E+00  5.00000E+00  4.29200E-01 -1.77271E-01
    5  2.04320E+00  5.00000E+00  3.99900E-01 -2.08455E-01
*eof
n03c008
    1  2.09980E+00  5.00000E+00  5.18200E-01 -2.29159E-01
    2  2.09880E+00  5.00000E+00  4.88200E-01 -1.84756E-01
    3  2.09780E+00  5.00000E+00  4.58300E-01 -1.54898E-01
    4  2.09680E+00  5.00000E+00  4.28300E-01 -1.63589E-01
    5  2.09590E+00  5.00000E+00  3.98400E-01 -1.85569E-01
*eof
n03c009
    1  2.15380E+00  5.00000E+00  5.17700E-01 -2.38990E-01
    2  2.15290E+00  5.00000E+00  4.87900E-01 -1.84497E-01
    3  2.15200E+00  5.00000E+00  4.58000E-01 -1.48449E-01
    4  2.15100E+00  5.00000E+00  4.28100E-01 -1.52049E-01
    5  2.15010E+00  5.00000E+00  3.98200E-01 -1.66509E-01
*eof
n03c010
    1  2.20900E+00  5.00000E+00  5.16100E-01 -2.51423E-01
    2  2.20810E+00  5.00000E+00  4.86900E-01 -1.86017E-01
    3  2.20720E+00  5.00000E+00  4.57700E-01 -1.43287E-01
    4  2.20630E+00  5.00000E+00  4.28500E-01 -1.42464E-01
    5  2.20540E+00  5.00000E+00  3.99200E-01 -1.50698E-01
*eof
n03c011
    1  2.26480E+00  5.00000E+00  5.13500E-01 -2.65703E-01
    2  2.26400E+00  5.00000E+00  4.85500E-01 -1.89316E-01
    3  2.26320E+00  5.00000E+00  4.57400E-01 -1.39364E-01
    4  2.26240E+00  5.00000E+00  4.29300E-01 -1.34650E-01
    5  2.26150E+00  5.00000E+00  4.01300E-01 -1.37566E-01
*eof
n03c012
    1  2.32100E+00  5.00000E+00  5.10100E-01 -2.82678E-01
    2  2.32020E+00  5.00000E+00  4.83600E-01 -1.94342E-01
    3  2.31950E+00  5.00000E+00  4.57100E-01 -1.37012E-01
    4  2.31870E+00  5.00000E+00  4.30700E-01 -1.28956E-01
    5  2.31800E+00  5.00000E+00  4.04200E-01 -1.27664E-01
*eof
n03c013
    1  2.37710E+00  5.00000E+00  5.05900E-01 -3.01276E-01
    2  2.37640E+00  5.00000E+00  4.81400E-01 -2.01114E-01
    3  2.37580E+00  5.00000E+00  4.56900E-01 -1.36151E-01
    4  2.37510E+00  5.00000E+00  4.32300E-01 -1.24910E-01
    5  2.37450E+00  5.00000E+00  4.07800E-01 -1.20035E-01
*eof
n03c014
    1  2.43290E+00  5.00000E+00  5.01200E-01 -3.21011E-01
    2  2.43230E+00  5.00000E+00  4.78900E-01 -2.09344E-01
    3  2.43170E+00  5.00000E+00  4.56600E-01 -1.36681E-01
    4  2.43110E+00  5.00000E+00  4.34300E-01 -1.22937E-01
    5  2.43050E+00  5.00000E+00  4.12000E-01 -1.15092E-01
*eof
n03c015
    1  2.48780E+00  5.00000E+00  4.96100E-01 -3.44675E-01
    2  2.48730E+00  5.00000E+00  4.76200E-01 -2.20592E-01
    3  2.48690E+00  5.00000E+00  4.56400E-01 -1.39824E-01
    4  2.48640E+00  5.00000E+00  4.36500E-01 -1.23289E-01
    5  2.48590E+00  5.00000E+00  4.16600E-01 -1.12462E-01
*eof
n03c016
    1  2.54170E+00  5.00000E+00  4.90700E-01 -3.74188E-01
    2  2.54130E+00  5.00000E+00  4.73400E-01 -2.36462E-01
    3  2.54090E+00  5.00000E+00  4.56100E-01 -1.46017E-01
    4  2.54050E+00  5.00000E+00  4.38900E-01 -1.26989E-01
    5  2.54000E+00  5.00000E+00  4.21600E-01 -1.13475E-01
*eof
n03c017
    1  2.59390E+00  5.00000E+00  4.85000E-01 -4.07920E-01
    2  2.59360E+00  5.00000E+00  4.70400E-01 -2.56436E-01
    3  2.59330E+00  5.00000E+00  4.55900E-01 -1.56581E-01
    4  2.59300E+00  5.00000E+00  4.41300E-01 -1.35150E-01
    5  2.59270E+00  5.00000E+00  4.26800E-01 -1.19506E-01
*eof
n03c018
    1  2.64400E+00  5.00000E+00  4.79200E-01 -4.49794E-01
    2  2.64380E+00  5.00000E+00  4.67400E-01 -2.84643E-01
    3  2.64350E+00  5.00000E+00  4.55700E-01 -1.73389E-01
    4  2.64330E+00  5.00000E+00  4.43900E-01 -1.50263E-01
    5  2.64310E+00  5.00000E+00  4.32100E-01 -1.31687E-01
*eof
n03c019
    1  2.69150E+00  5.00000E+00  4.73400E-01 -5.00829E-01
    2  2.69140E+00  5.00000E+00  4.64400E-01 -3.24287E-01
    3  2.69120E+00  5.00000E+00  4.55500E-01 -1.93609E-01
    4  2.69110E+00  5.00000E+00  4.46500E-01 -1.70110E-01
    5  2.69090E+00  5.00000E+00  4.37500E-01 -1.33246E-01
*eof
n03c020
    1  2.73810E+00  5.00000E+00  4.67300E-01 -6.43104E-01
    2  2.73800E+00  5.00000E+00  4.61300E-01 -4.46560E-01
    3  2.73790E+00  5.00000E+00  4.55300E-01 -3.05711E-01
    4  2.73780E+00  5.00000E+00  4.49200E-01 -2.71556E-01
    5  2.73770E+00  5.00000E+00  4.43200E-01 -2.48752E-01
*eof
n03c021
    1  2.81970E+00  5.00000E+00  4.54900E-01 -7.94422E-01
    2  2.81970E+00  5.00000E+00  4.54900E-01 -6.77428E-01
    3  2.81970E+00  5.00000E+00  4.54900E-01 -5.33270E-01
    4  2.81970E+00  5.00000E+00  4.54900E-01 -5.21660E-01
    5  2.81970E+00  5.00000E+00  4.54900E-01 -5.37214E-01
*eof
n04c001
    1  1.99880E+00  0.00000E+00 -6.98000E-02  0.00000E+00
    2  1.01999E+02  0.00000E+00 -6.98000E-02  0.00000E+00
*eof
n04c002
    1  2.03980E+00  2.50000E-01 -4.36000E-02  0.00000E+00
    2  1.02040E+02  2.50000E-01 -4.36000E-02  0.00000E+00
*eof
n04c003
    1  2.08090E+00  5.00000E-01 -1.73000E-02  0.00000E+00
    2  1.02081E+02  5.00000E-01 -1.73000E-02  0.00000E+00
*eof
n04c004
    1  2.12190E+00  7.50000E-01  8.90000E-03  0.00000E+00
    2  1.02122E+02  7.50000E-01  8.90000E-03  0.00000E+00
*eof
n04c005
    1  2.16300E+00  1.00000E+00  3.51000E-02  0.00000E+00
    2  1.02163E+02  1.00000E+00  3.51000E-02  0.00000E+00
*eof
n04c006
    1  2.20400E+00  1.25000E+00  6.14000E-02  0.00000E+00
    2  1.02204E+02  1.25000E+00  6.14000E-02  0.00000E+00
*eof
n04c007
    1  2.24510E+00  1.50000E+00  8.76000E-02  0.00000E+00
    2  1.02245E+02  1.50000E+00  8.76000E-02  0.00000E+00
*eof
n04c008
    1  2.28610E+00  1.75000E+00  1.13800E-01  0.00000E+00
    2  1.02286E+02  1.75000E+00  1.13800E-01  0.00000E+00
*eof
n04c009
    1  2.32710E+00  2.00000E+00  1.40100E-01  0.00000E+00
    2  1.02327E+02  2.00000E+00  1.40100E-01  0.00000E+00
*eof
n04c010
    1  2.36820E+00  2.25000E+00  1.66300E-01  0.00000E+00
    2  1.02368E+02  2.25000E+00  1.66300E-01  0.00000E+00
*eof
n04c011
    1  2.40920E+00  2.50000E+00  1.92500E-01  0.00000E+00
    2  1.02409E+02  2.50000E+00  1.92500E-01  0.00000E+00
*eof
n04c012
    1  2.45030E+00  2.75000E+00  2.18800E-01  0.00000E+00
    2  1.02450E+02  2.75000E+00  2.18800E-01  0.00000E+00
*eof
n04c013
    1  2.49130E+00  3.00000E+00  2.45000E-01  0.00000E+00
    2  1.02491E+02  3.00000E+00  2.45000E-01  0.00000E+00
*eof
n04c014
    1  2.53240E+00  3.25000E+00  2.71300E-01  0.00000E+00
    2  1.02532E+02  3.25000E+00  2.71300E-01  0.00000E+00
*eof
n04c015
    1  2.57340E+00  3.50000E+00  2.97500E-01  0.00000E+00
    2  1.02573E+02  3.50000E+00  2.97500E-01  0.00000E+00
*eof
n04c016
    1  2.61450E+00  3.75000E+00  3.23700E-01  0.00000E+00
    2  1.02615E+02  3.75000E+00  3.23700E-01  0.00000E+00
*eof
n04c017
    1  2.65550E+00  4.00000E+00  3.50000E-01  0.00000E+00
    2  1.02656E+02  4.00000E+00  3.50000E-01  0.00000E+00
*eof
n04c018
    1  2.69660E+00  4.25000E+00  3.76200E-01  0.00000E+00
    2  1.02697E+02  4.25000E+00  3.76200E-01  0.00000E+00
*eof
n04c019
    1  2.73760E+00  4.50000E+00  4.02400E-01  0.00000E+00
    2  1.02738E+02  4.50000E+00  4.02400E-01  0.00000E+00
*eof
n04c020
    1  2.77870E+00  4.75000E+00  4.28700E-01  0.00000E+00
    2  1.02779E+02  4.75000E+00  4.28700E-01  0.00000E+00
*eof
n04c021
    1  2.81970E+00  5.00000E+00  4.54900E-01  0.00000E+00
    2  1.02820E+02  5.00000E+00  4.54900E-01  0.00000E+00
*eof
