$TITLE    Created by panin, version 1.0 (4Jan2000) on                
INPUT FILE FOR PanAir (A502-ht2)                                                
Created by PANIN                                                                
$DATACHECK
    0.0000
$SYM
    1.0000    0.0000
$MACH NUMBER
    0.2000
$CASES
    1.0000
$ANGLES OF ATTACK
    0.0000
    2.0000
$YAW ANGLES
    0.0000
    0.0000
$REFERENCE DATA FOR 3-D FORCES AND MOMENTS
    0.3750    0.0000    0.0000    1.0000
   15.0000   10.0000    1.5000   10.0000
$PRINTOUT CONTROL
       0.0       0.0       0.0       0.0       0.0       0.0
       0.0       0.0       0.0       0.0       0.0       0.0
$EAT
  0.000000       0.0       0.0       0.0       0.0       0.0
$VELOCITY CORRECTION
    0.0000
$POINTS for network #  1   WingUpper                                         
       1.0
       1.0                                     0.0       0.0
      20.0      41.0                                                  WingUpper 
   -0.0009    0.0000    0.0088    0.0948    0.2632    0.0315
    0.1906    0.5263    0.0543    0.2864    0.7895    0.0771
    0.3822    1.0526    0.0999    0.4780    1.3158    0.1227
    0.5738    1.5789    0.1455    0.6696    1.8421    0.1683
    0.7654    2.1053    0.1911    0.8612    2.3684    0.2139
    0.9570    2.6316    0.2367    1.0528    2.8947    0.2595
    1.1486    3.1579    0.2823    1.2444    3.4211    0.3050
    1.3402    3.6842    0.3278    1.4360    3.9474    0.3506
    1.5318    4.2105    0.3734    1.6276    4.4737    0.3962
    1.7234    4.7368    0.4190    1.8191    5.0000    0.4418
   -0.0009    0.0000    0.0102    0.0949    0.2632    0.0330
    0.1907    0.5263    0.0558    0.2865    0.7895    0.0785
    0.3823    1.0526    0.1013    0.4781    1.3158    0.1240
    0.5739    1.5789    0.1468    0.6697    1.8421    0.1695
    0.7655    2.1053    0.1923    0.8613    2.3684    0.2150
    0.9570    2.6316    0.2378    1.0528    2.8947    0.2605
    1.1486    3.1579    0.2833    1.2444    3.4211    0.3060
    1.3402    3.6842    0.3288    1.4360    3.9474    0.3515
    1.5318    4.2105    0.3743    1.6276    4.4737    0.3970
    1.7234    4.7368    0.4198    1.8192    5.0000    0.4425
   -0.0002    0.0000    0.0148    0.0956    0.2632    0.0374
    0.1913    0.5263    0.0600    0.2871    0.7895    0.0827
    0.3829    1.0526    0.1053    0.4786    1.3158    0.1279
    0.5744    1.5789    0.1506    0.6702    1.8421    0.1732
    0.7659    2.1053    0.1958    0.8617    2.3684    0.2185
    0.9575    2.6316    0.2411    1.0532    2.8947    0.2637
    1.1490    3.1579    0.2864    1.2448    3.4211    0.3090
    1.3405    3.6842    0.3316    1.4363    3.9474    0.3543
    1.5321    4.2105    0.3769    1.6278    4.4737    0.3995
    1.7236    4.7368    0.4222    1.8194    5.0000    0.4448
    0.0021    0.0000    0.0222    0.0978    0.2632    0.0446
    0.1935    0.5263    0.0671    0.2892    0.7895    0.0895
    0.3849    1.0526    0.1120    0.4806    1.3158    0.1344
    0.5763    1.5789    0.1568    0.6720    1.8421    0.1793
    0.7677    2.1053    0.2017    0.8634    2.3684    0.2242
    0.9591    2.6316    0.2466    1.0548    2.8947    0.2690
    1.1505    3.1579    0.2915    1.2462    3.4211    0.3139
    1.3419    3.6842    0.3364    1.4376    3.9474    0.3588
    1.5332    4.2105    0.3813    1.6289    4.4737    0.4037
    1.7246    4.7368    0.4261    1.8203    5.0000    0.4486
    0.0077    0.0000    0.0322    0.1032    0.2632    0.0544
    0.1988    0.5263    0.0766    0.2943    0.7895    0.0988
    0.3898    1.0526    0.1210    0.4854    1.3158    0.1431
    0.5809    1.5789    0.1653    0.6764    1.8421    0.1875
    0.7720    2.1053    0.2097    0.8675    2.3684    0.2319
    0.9630    2.6316    0.2541    1.0586    2.8947    0.2762
    1.1541    3.1579    0.2984    1.2497    3.4211    0.3206
    1.3452    3.6842    0.3428    1.4407    3.9474    0.3650
    1.5363    4.2105    0.3872    1.6318    4.4737    0.4094
    1.7273    4.7368    0.4315    1.8229    5.0000    0.4537
    0.0180    0.0000    0.0444    0.1132    0.2632    0.0663
    0.2085    0.5263    0.0881    0.3037    0.7895    0.1100
    0.3989    1.0526    0.1319    0.4942    1.3158    0.1538
    0.5894    1.5789    0.1757    0.6847    1.8421    0.1975
    0.7799    2.1053    0.2194    0.8752    2.3684    0.2413
    0.9704    2.6316    0.2632    1.0657    2.8947    0.2850
    1.1609    3.1579    0.3069    1.2562    3.4211    0.3288
    1.3514    3.6842    0.3507    1.4467    3.9474    0.3726
    1.5419    4.2105    0.3944    1.6372    4.4737    0.4163
    1.7324    4.7368    0.4382    1.8277    5.0000    0.4601
    0.0339    0.0000    0.0581    0.1287    0.2632    0.0797
    0.2235    0.5263    0.1012    0.3183    0.7895    0.1227
    0.4131    1.0526    0.1443    0.5079    1.3158    0.1658
    0.6027    1.5789    0.1873    0.6975    1.8421    0.2089
    0.7923    2.1053    0.2304    0.8871    2.3684    0.2520
    0.9820    2.6316    0.2735    1.0768    2.8947    0.2950
    1.1716    3.1579    0.3166    1.2664    3.4211    0.3381
    1.3612    3.6842    0.3597    1.4560    3.9474    0.3812
    1.5508    4.2105    0.4027    1.6456    4.4737    0.4243
    1.7404    4.7368    0.4458    1.8352    5.0000    0.4673
    0.0563    0.0000    0.0728    0.1505    0.2632    0.0939
    0.2447    0.5263    0.1151    0.3389    0.7895    0.1363
    0.4331    1.0526    0.1575    0.5273    1.3158    0.1787
    0.6215    1.5789    0.1999    0.7157    1.8421    0.2210
    0.8099    2.1053    0.2422    0.9041    2.3684    0.2634
    0.9983    2.6316    0.2846    1.0925    2.8947    0.3058
    1.1867    3.1579    0.3270    1.2809    3.4211    0.3481
    1.3751    3.6842    0.3693    1.4693    3.9474    0.3905
    1.5635    4.2105    0.4117    1.6576    4.4737    0.4329
    1.7518    4.7368    0.4541    1.8460    5.0000    0.4752
    0.0857    0.0000    0.0875    0.1791    0.2632    0.1084
    0.2725    0.5263    0.1292    0.3659    0.7895    0.1500
    0.4593    1.0526    0.1709    0.5527    1.3158    0.1917
    0.6462    1.5789    0.2125    0.7396    1.8421    0.2334
    0.8330    2.1053    0.2542    0.9264    2.3684    0.2751
    1.0198    2.6316    0.2959    1.1132    2.8947    0.3167
    1.2066    3.1579    0.3376    1.3000    3.4211    0.3584
    1.3934    3.6842    0.3792    1.4868    3.9474    0.4001
    1.5802    4.2105    0.4209    1.6736    4.4737    0.4417
    1.7670    4.7368    0.4626    1.8604    5.0000    0.4834
    0.1225    0.0000    0.1016    0.2149    0.2632    0.1221
    0.3074    0.5263    0.1426    0.3998    0.7895    0.1631
    0.4922    1.0526    0.1836    0.5846    1.3158    0.2041
    0.6770    1.5789    0.2247    0.7694    1.8421    0.2452
    0.8618    2.1053    0.2657    0.9543    2.3684    0.2862
    1.0467    2.6316    0.3067    1.1391    2.8947    0.3272
    1.2315    3.1579    0.3478    1.3239    3.4211    0.3683
    1.4163    3.6842    0.3888    1.5087    3.9474    0.4093
    1.6011    4.2105    0.4298    1.6936    4.4737    0.4503
    1.7860    4.7368    0.4708    1.8784    5.0000    0.4914
    0.1667    0.0000    0.1140    0.2579    0.2632    0.1342
    0.3491    0.5263    0.1545    0.4404    0.7895    0.1747
    0.5316    1.0526    0.1950    0.6228    1.3158    0.2152
    0.7141    1.5789    0.2355    0.8053    1.8421    0.2557
    0.8965    2.1053    0.2760    0.9878    2.3684    0.2962
    1.0790    2.6316    0.3165    1.1702    2.8947    0.3367
    1.2615    3.1579    0.3570    1.3527    3.4211    0.3772
    1.4439    3.6842    0.3975    1.5352    3.9474    0.4177
    1.6264    4.2105    0.4380    1.7176    4.4737    0.4582
    1.8089    4.7368    0.4785    1.9001    5.0000    0.4987
    0.2179    0.0000    0.1239    0.3077    0.2632    0.1440
    0.3976    0.5263    0.1640    0.4875    0.7895    0.1841
    0.5774    1.0526    0.2042    0.6672    1.3158    0.2242
    0.7571    1.5789    0.2443    0.8470    1.8421    0.2643
    0.9368    2.1053    0.2844    1.0267    2.3684    0.3044
    1.1166    2.6316    0.3245    1.2064    2.8947    0.3446
    1.2963    3.1579    0.3646    1.3862    3.4211    0.3847
    1.4761    3.6842    0.4047    1.5659    3.9474    0.4248
    1.6558    4.2105    0.4448    1.7457    4.4737    0.4649
    1.8355    4.7368    0.4850    1.9254    5.0000    0.5050
    0.2756    0.0000    0.1309    0.3640    0.2632    0.1509
    0.4523    0.5263    0.1708    0.5407    0.7895    0.1908
    0.6290    1.0526    0.2107    0.7173    1.3158    0.2307
    0.8057    1.5789    0.2506    0.8940    1.8421    0.2706
    0.9823    2.1053    0.2905    1.0707    2.3684    0.3105
    1.1590    2.6316    0.3305    1.2474    2.8947    0.3504
    1.3357    3.1579    0.3704    1.4240    3.4211    0.3903
    1.5124    3.6842    0.4103    1.6007    3.9474    0.4302
    1.6890    4.2105    0.4502    1.7774    4.4737    0.4701
    1.8657    4.7368    0.4901    1.9541    5.0000    0.5100
    0.3392    0.0000    0.1348    0.4258    0.2632    0.1547
    0.5125    0.5263    0.1747    0.5991    0.7895    0.1946
    0.6858    1.0526    0.2146    0.7725    1.3158    0.2345
    0.8591    1.5789    0.2544    0.9458    1.8421    0.2744
    1.0324    2.1053    0.2943    1.1191    2.3684    0.3142
    1.2058    2.6316    0.3342    1.2924    2.8947    0.3541
    1.3791    3.1579    0.3741    1.4657    3.4211    0.3940
    1.5524    3.6842    0.4139    1.6390    3.9474    0.4339
    1.7257    4.2105    0.4538    1.8124    4.4737    0.4738
    1.8990    4.7368    0.4937    1.9857    5.0000    0.5136
    0.4076    0.0000    0.1359    0.4925    0.2632    0.1559
    0.5773    0.5263    0.1759    0.6622    0.7895    0.1959
    0.7470    1.0526    0.2159    0.8319    1.3158    0.2360
    0.9167    1.5789    0.2560    1.0016    1.8421    0.2760
    1.0864    2.1053    0.2960    1.1713    2.3684    0.3160
    1.2561    2.6316    0.3360    1.3410    2.8947    0.3560
    1.4258    3.1579    0.3760    1.5107    3.4211    0.3960
    1.5955    3.6842    0.4160    1.6804    3.9474    0.4360
    1.7653    4.2105    0.4560    1.8501    4.4737    0.4760
    1.9350    4.7368    0.4960    2.0198    5.0000    0.5160
    0.4806    0.0000    0.1351    0.5635    0.2632    0.1552
    0.6465    0.5263    0.1753    0.7294    0.7895    0.1954
    0.8123    1.0526    0.2156    0.8953    1.3158    0.2357
    0.9782    1.5789    0.2558    1.0611    1.8421    0.2759
    1.1441    2.1053    0.2961    1.2270    2.3684    0.3162
    1.3099    2.6316    0.3363    1.3928    2.8947    0.3564
    1.4758    3.1579    0.3766    1.5587    3.4211    0.3967
    1.6416    3.6842    0.4168    1.7246    3.9474    0.4369
    1.8075    4.2105    0.4571    1.8904    4.4737    0.4772
    1.9734    4.7368    0.4973    2.0563    5.0000    0.5175
    0.5580    0.0000    0.1324    0.6389    0.2632    0.1527
    0.7198    0.5263    0.1730    0.8007    0.7895    0.1933
    0.8816    1.0526    0.2136    0.9625    1.3158    0.2339
    1.0434    1.5789    0.2542    1.1243    1.8421    0.2745
    1.2051    2.1053    0.2948    1.2860    2.3684    0.3151
    1.3669    2.6316    0.3354    1.4478    2.8947    0.3557
    1.5287    3.1579    0.3760    1.6096    3.4211    0.3963
    1.6905    3.6842    0.4166    1.7714    3.9474    0.4369
    1.8523    4.2105    0.4572    1.9332    4.4737    0.4775
    2.0141    4.7368    0.4978    2.0950    5.0000    0.5181
    0.6391    0.0000    0.1279    0.7179    0.2632    0.1484
    0.7966    0.5263    0.1690    0.8754    0.7895    0.1895
    0.9542    1.0526    0.2100    1.0329    1.3158    0.2306
    1.1117    1.5789    0.2511    1.1905    1.8421    0.2716
    1.2692    2.1053    0.2922    1.3480    2.3684    0.3127
    1.4268    2.6316    0.3332    1.5055    2.8947    0.3538
    1.5843    3.1579    0.3743    1.6630    3.4211    0.3948
    1.7418    3.6842    0.4154    1.8206    3.9474    0.4359
    1.8993    4.2105    0.4564    1.9781    4.4737    0.4770
    2.0569    4.7368    0.4975    2.1356    5.0000    0.5180
    0.7232    0.0000    0.1218    0.7997    0.2632    0.1426
    0.8763    0.5263    0.1634    0.9528    0.7895    0.1842
    1.0294    1.0526    0.2050    1.1059    1.3158    0.2258
    1.1825    1.5789    0.2467    1.2591    1.8421    0.2675
    1.3356    2.1053    0.2883    1.4122    2.3684    0.3091
    1.4887    2.6316    0.3299    1.5653    2.8947    0.3507
    1.6418    3.1579    0.3715    1.7184    3.4211    0.3923
    1.7950    3.6842    0.4131    1.8715    3.9474    0.4339
    1.9481    4.2105    0.4548    2.0246    4.4737    0.4756
    2.1012    4.7368    0.4964    2.1777    5.0000    0.5172
    0.8093    0.0000    0.1142    0.8836    0.2632    0.1354
    0.9579    0.5263    0.1565    1.0322    0.7895    0.1776
    1.1065    1.0526    0.1987    1.1808    1.3158    0.2199
    1.2551    1.5789    0.2410    1.3294    1.8421    0.2621
    1.4037    2.1053    0.2833    1.4780    2.3684    0.3044
    1.5523    2.6316    0.3255    1.6266    2.8947    0.3466
    1.7009    3.1579    0.3678    1.7752    3.4211    0.3889
    1.8495    3.6842    0.4100    1.9238    3.9474    0.4311
    1.9981    4.2105    0.4523    2.0724    4.4737    0.4734
    2.1467    4.7368    0.4945    2.2210    5.0000    0.5157
    0.8967    0.0000    0.1054    0.9687    0.2632    0.1269
    1.0407    0.5263    0.1484    1.1127    0.7895    0.1698
    1.1847    1.0526    0.1913    1.2567    1.3158    0.2128
    1.3287    1.5789    0.2343    1.4007    1.8421    0.2558
    1.4727    2.1053    0.2772    1.5447    2.3684    0.2987
    1.6167    2.6316    0.3202    1.6887    2.8947    0.3417
    1.7608    3.1579    0.3632    1.8328    3.4211    0.3846
    1.9048    3.6842    0.4061    1.9768    3.9474    0.4276
    2.0488    4.2105    0.4491    2.1208    4.4737    0.4706
    2.1928    4.7368    0.4920    2.2648    5.0000    0.5135
    0.9844    0.0000    0.0955    1.0541    0.2632    0.1173
    1.1238    0.5263    0.1392    1.1935    0.7895    0.1611
    1.2632    1.0526    0.1829    1.3329    1.3158    0.2048
    1.4026    1.5789    0.2267    1.4723    1.8421    0.2485
    1.5421    2.1053    0.2704    1.6118    2.3684    0.2923
    1.6815    2.6316    0.3141    1.7512    2.8947    0.3360
    1.8209    3.1579    0.3578    1.8906    3.4211    0.3797
    1.9603    3.6842    0.4016    2.0300    3.9474    0.4234
    2.0997    4.2105    0.4453    2.1694    4.4737    0.4672
    2.2392    4.7368    0.4890    2.3089    5.0000    0.5109
    1.0716    0.0000    0.0848    1.1390    0.2632    0.1070
    1.2064    0.5263    0.1293    1.2738    0.7895    0.1516
    1.3413    1.0526    0.1738    1.4087    1.3158    0.1961
    1.4761    1.5789    0.2184    1.5436    1.8421    0.2406
    1.6110    2.1053    0.2629    1.6784    2.3684    0.2852
    1.7458    2.6316    0.3074    1.8133    2.8947    0.3297
    1.8807    3.1579    0.3520    1.9481    3.4211    0.3742
    2.0155    3.6842    0.3965    2.0830    3.9474    0.4188
    2.1504    4.2105    0.4410    2.2178    4.4737    0.4633
    2.2853    4.7368    0.4855    2.3527    5.0000    0.5078
    1.1574    0.0000    0.0735    1.2225    0.2632    0.0962
    1.2877    0.5263    0.1188    1.3529    0.7895    0.1415
    1.4181    1.0526    0.1642    1.4833    1.3158    0.1869
    1.5484    1.5789    0.2096    1.6136    1.8421    0.2323
    1.6788    2.1053    0.2549    1.7440    2.3684    0.2776
    1.8092    2.6316    0.3003    1.8744    2.8947    0.3230
    1.9395    3.1579    0.3457    2.0047    3.4211    0.3683
    2.0699    3.6842    0.3910    2.1351    3.9474    0.4137
    2.2003    4.2105    0.4364    2.2654    4.4737    0.4591
    2.3306    4.7368    0.4817    2.3958    5.0000    0.5044
    1.2409    0.0000    0.0618    1.3039    0.2632    0.0849
    1.3669    0.5263    0.1080    1.4299    0.7895    0.1312
    1.4929    1.0526    0.1543    1.5559    1.3158    0.1774
    1.6189    1.5789    0.2005    1.6819    1.8421    0.2236
    1.7449    2.1053    0.2467    1.8079    2.3684    0.2698
    1.8709    2.6316    0.2929    1.9339    2.8947    0.3160
    1.9969    3.1579    0.3391    2.0599    3.4211    0.3622
    2.1229    3.6842    0.3853    2.1859    3.9474    0.4084
    2.2489    4.2105    0.4315    2.3119    4.4737    0.4546
    2.3749    4.7368    0.4777    2.4378    5.0000    0.5008
    1.3215    0.0000    0.0501    1.3824    0.2632    0.0736
    1.4433    0.5263    0.0971    1.5042    0.7895    0.1206
    1.5651    1.0526    0.1442    1.6259    1.3158    0.1677
    1.6868    1.5789    0.1912    1.7477    1.8421    0.2147
    1.8086    2.1053    0.2383    1.8695    2.3684    0.2618
    1.9304    2.6316    0.2853    1.9913    2.8947    0.3088
    2.0522    3.1579    0.3324    2.1131    3.4211    0.3559
    2.1739    3.6842    0.3794    2.2348    3.9474    0.4029
    2.2957    4.2105    0.4265    2.3566    4.4737    0.4500
    2.4175    4.7368    0.4735    2.4784    5.0000    0.4970
    1.3984    0.0000    0.0384    1.4572    0.2632    0.0623
    1.5161    0.5263    0.0863    1.5750    0.7895    0.1102
    1.6339    1.0526    0.1341    1.6928    1.3158    0.1581
    1.7516    1.5789    0.1820    1.8105    1.8421    0.2059
    1.8694    2.1053    0.2299    1.9283    2.3684    0.2538
    1.9872    2.6316    0.2778    2.0460    2.8947    0.3017
    2.1049    3.1579    0.3256    2.1638    3.4211    0.3496
    2.2227    3.6842    0.3735    2.2816    3.9474    0.3974
    2.3404    4.2105    0.4214    2.3993    4.4737    0.4453
    2.4582    4.7368    0.4693    2.5171    5.0000    0.4932
    1.4709    0.0000    0.0270    1.5279    0.2632    0.0513
    1.5848    0.5263    0.0757    1.6418    0.7895    0.1000
    1.6988    1.0526    0.1243    1.7558    1.3158    0.1487
    1.8128    1.5789    0.1730    1.8698    1.8421    0.1973
    1.9268    2.1053    0.2217    1.9837    2.3684    0.2460
    2.0407    2.6316    0.2704    2.0977    2.8947    0.2947
    2.1547    3.1579    0.3190    2.2117    3.4211    0.3434
    2.2687    3.6842    0.3677    2.3256    3.9474    0.3921
    2.3826    4.2105    0.4164    2.4396    4.4737    0.4407
    2.4966    4.7368    0.4651    2.5536    5.0000    0.4894
    1.5386    0.0000    0.0160    1.5938    0.2632    0.0407
    1.6490    0.5263    0.0654    1.7042    0.7895    0.0902
    1.7594    1.0526    0.1149    1.8146    1.3158    0.1396
    1.8699    1.5789    0.1643    1.9251    1.8421    0.1890
    1.9803    2.1053    0.2138    2.0355    2.3684    0.2385
    2.0907    2.6316    0.2632    2.1459    2.8947    0.2879
    2.2011    3.1579    0.3126    2.2564    3.4211    0.3374
    2.3116    3.6842    0.3621    2.3668    3.9474    0.3868
    2.4220    4.2105    0.4115    2.4772    4.4737    0.4363
    2.5324    4.7368    0.4610    2.5877    5.0000    0.4857
    1.6008    0.0000    0.0056    1.6544    0.2632    0.0307
    1.7080    0.5263    0.0558    1.7616    0.7895    0.0809
    1.8152    1.0526    0.1059    1.8687    1.3158    0.1310
    1.9223    1.5789    0.1561    1.9759    1.8421    0.1812
    2.0295    2.1053    0.2063    2.0831    2.3684    0.2313
    2.1367    2.6316    0.2564    2.1903    2.8947    0.2815
    2.2439    3.1579    0.3066    2.2975    3.4211    0.3317
    2.3511    3.6842    0.3567    2.4046    3.9474    0.3818
    2.4582    4.2105    0.4069    2.5118    4.4737    0.4320
    2.5654    4.7368    0.4571    2.6190    5.0000    0.4821
    1.6573    0.0000   -0.0040    1.7095    0.2632    0.0214
    1.7616    0.5263    0.0468    1.8137    0.7895    0.0722
    1.8658    1.0526    0.0976    1.9179    1.3158    0.1230
    1.9700    1.5789    0.1484    2.0221    1.8421    0.1739
    2.0743    2.1053    0.1993    2.1264    2.3684    0.2247
    2.1785    2.6316    0.2501    2.2306    2.8947    0.2755
    2.2827    3.1579    0.3009    2.3348    3.4211    0.3263
    2.3869    3.6842    0.3517    2.4390    3.9474    0.3772
    2.4912    4.2105    0.4026    2.5433    4.4737    0.4280
    2.5954    4.7368    0.4534    2.6475    5.0000    0.4788
    1.7086    0.0000   -0.0130    1.7594    0.2632    0.0127
    1.8102    0.5263    0.0384    1.8609    0.7895    0.0642
    1.9117    1.0526    0.0899    1.9625    1.3158    0.1156
    2.0133    1.5789    0.1413    2.0640    1.8421    0.1670
    2.1148    2.1053    0.1928    2.1656    2.3684    0.2185
    2.2164    2.6316    0.2442    2.2671    2.8947    0.2699
    2.3179    3.1579    0.2956    2.3687    3.4211    0.3214
    2.4194    3.6842    0.3471    2.4702    3.9474    0.3728
    2.5210    4.2105    0.3985    2.5718    4.4737    0.4242
    2.6225    4.7368    0.4499    2.6733    5.0000    0.4757
    1.7525    0.0000   -0.0208    1.8021    0.2632    0.0052
    1.8518    0.5263    0.0312    1.9014    0.7895    0.0572
    1.9510    1.0526    0.0832    2.0006    1.3158    0.1092
    2.0503    1.5789    0.1351    2.0999    1.8421    0.1611
    2.1495    2.1053    0.1871    2.1992    2.3684    0.2131
    2.2488    2.6316    0.2391    2.2984    2.8947    0.2651
    2.3480    3.1579    0.2911    2.3977    3.4211    0.3170
    2.4473    3.6842    0.3430    2.4969    3.9474    0.3690
    2.5466    4.2105    0.3950    2.5962    4.4737    0.4210
    2.6458    4.7368    0.4470    2.6954    5.0000    0.4729
    1.7901    0.0000   -0.0275    1.8388    0.2632   -0.0013
    1.8874    0.5263    0.0249    1.9361    0.7895    0.0511
    1.9847    1.0526    0.0773    2.0334    1.3158    0.1036
    2.0820    1.5789    0.1298    2.1307    1.8421    0.1560
    2.1793    2.1053    0.1822    2.2279    2.3684    0.2084
    2.2766    2.6316    0.2346    2.3252    2.8947    0.2608
    2.3739    3.1579    0.2871    2.4225    3.4211    0.3133
    2.4712    3.6842    0.3395    2.5198    3.9474    0.3657
    2.5685    4.2105    0.3919    2.6171    4.4737    0.4181
    2.6658    4.7368    0.4443    2.7144    5.0000    0.4706
    1.8272    0.0000   -0.0345    1.8749    0.2632   -0.0080
    1.9226    0.5263    0.0184    1.9703    0.7895    0.0449
    2.0179    1.0526    0.0713    2.0656    1.3158    0.0978
    2.1133    1.5789    0.1242    2.1610    1.8421    0.1507
    2.2087    2.1053    0.1771    2.2563    2.3684    0.2036
    2.3040    2.6316    0.2300    2.3517    2.8947    0.2564
    2.3994    3.1579    0.2829    2.4471    3.4211    0.3093
    2.4947    3.6842    0.3358    2.5424    3.9474    0.3622
    2.5901    4.2105    0.3887    2.6378    4.4737    0.4151
    2.6854    4.7368    0.4416    2.7331    5.0000    0.4680
    1.8660    0.0000   -0.0421    1.9127    0.2632   -0.0154
    1.9594    0.5263    0.0113    2.0060    0.7895    0.0380
    2.0527    1.0526    0.0647    2.0994    1.3158    0.0914
    2.1460    1.5789    0.1181    2.1927    1.8421    0.1448
    2.2394    2.1053    0.1715    2.2860    2.3684    0.1982
    2.3327    2.6316    0.2249    2.3794    2.8947    0.2516
    2.4260    3.1579    0.2783    2.4727    3.4211    0.3050
    2.5194    3.6842    0.3317    2.5660    3.9474    0.3584
    2.6127    4.2105    0.3851    2.6594    4.4737    0.4118
    2.7060    4.7368    0.4385    2.7527    5.0000    0.4652
    1.9053    0.0000   -0.0501    1.9510    0.2632   -0.0232
    1.9966    0.5263    0.0038    2.0423    0.7895    0.0308
    2.0879    1.0526    0.0577    2.1335    1.3158    0.0847
    2.1792    1.5789    0.1117    2.2248    1.8421    0.1386
    2.2705    2.1053    0.1656    2.3161    2.3684    0.1926
    2.3618    2.6316    0.2195    2.4074    2.8947    0.2465
    2.4530    3.1579    0.2735    2.4987    3.4211    0.3005
    2.5443    3.6842    0.3274    2.5900    3.9474    0.3544
    2.6356    4.2105    0.3814    2.6812    4.4737    0.4083
    2.7269    4.7368    0.4353    2.7725    5.0000    0.4623
    1.9420    0.0000   -0.0578    1.9867    0.2632   -0.0306
    2.0314    0.5263   -0.0033    2.0761    0.7895    0.0239
    2.1208    1.0526    0.0511    2.1655    1.3158    0.0783
    2.2101    1.5789    0.1055    2.2548    1.8421    0.1328
    2.2995    2.1053    0.1600    2.3442    2.3684    0.1872
    2.3889    2.6316    0.2144    2.4336    2.8947    0.2416
    2.4783    3.1579    0.2689    2.5229    3.4211    0.2961
    2.5676    3.6842    0.3233    2.6123    3.9474    0.3505
    2.6570    4.2105    0.3777    2.7017    4.4737    0.4050
    2.7464    4.7368    0.4322    2.7910    5.0000    0.4594
    1.9721    0.0000   -0.0641    2.0160    0.2632   -0.0367
    2.0599    0.5263   -0.0093    2.1038    0.7895    0.0182
    2.1477    1.0526    0.0456    2.1916    1.3158    0.0730
    2.2355    1.5789    0.1004    2.2794    1.8421    0.1279
    2.3233    2.1053    0.1553    2.3672    2.3684    0.1827
    2.4111    2.6316    0.2102    2.4550    2.8947    0.2376
    2.4989    3.1579    0.2650    2.5428    3.4211    0.2925
    2.5867    3.6842    0.3199    2.6306    3.9474    0.3473
    2.6745    4.2105    0.3747    2.7184    4.4737    0.4022
    2.7623    4.7368    0.4296    2.8062    5.0000    0.4570
    1.9919    0.0000   -0.0683    2.0353    0.2632   -0.0408
    2.0787    0.5263   -0.0132    2.1220    0.7895    0.0144
    2.1654    1.0526    0.0419    2.2088    1.3158    0.0695
    2.2522    1.5789    0.0971    2.2956    1.8421    0.1246
    2.3390    2.1053    0.1522    2.3824    2.3684    0.1798
    2.4257    2.6316    0.2073    2.4691    2.8947    0.2349
    2.5125    3.1579    0.2625    2.5559    3.4211    0.2900
    2.5993    3.6842    0.3176    2.6427    3.9474    0.3452
    2.6861    4.2105    0.3727    2.7294    4.4737    0.4003
    2.7728    4.7368    0.4279    2.8162    5.0000    0.4554
    1.9988    0.0000   -0.0698    2.0420    0.2632   -0.0422
    2.0852    0.5263   -0.0146    2.1284    0.7895    0.0130
    2.1716    1.0526    0.0407    2.2148    1.3158    0.0683
    2.2580    1.5789    0.0959    2.3012    1.8421    0.1235
    2.3444    2.1053    0.1511    2.3876    2.3684    0.1787
    2.4308    2.6316    0.2064    2.4740    2.8947    0.2340
    2.5173    3.1579    0.2616    2.5605    3.4211    0.2892
    2.6037    3.6842    0.3168    2.6469    3.9474    0.3444
    2.6901    4.2105    0.3720    2.7333    4.4737    0.3997
    2.7765    4.7368    0.4273    2.8197    5.0000    0.4549
$POINTS for network #  2   WingLower                                         
       1.0
       1.0                                     0.0       0.0
      20.0      41.0                                                  WingLower 
    1.9988    0.0000   -0.0698    2.0420    0.2632   -0.0422
    2.0852    0.5263   -0.0146    2.1284    0.7895    0.0130
    2.1716    1.0526    0.0407    2.2148    1.3158    0.0683
    2.2580    1.5789    0.0959    2.3012    1.8421    0.1235
    2.3444    2.1053    0.1511    2.3876    2.3684    0.1787
    2.4308    2.6316    0.2064    2.4740    2.8947    0.2340
    2.5173    3.1579    0.2616    2.5605    3.4211    0.2892
    2.6037    3.6842    0.3168    2.6469    3.9474    0.3444
    2.6901    4.2105    0.3720    2.7333    4.4737    0.3997
    2.7765    4.7368    0.4273    2.8197    5.0000    0.4549
    1.9917    0.0000   -0.0705    2.0351    0.2632   -0.0429
    2.0785    0.5263   -0.0152    2.1219    0.7895    0.0124
    2.1653    1.0526    0.0400    2.2087    1.3158    0.0676
    2.2521    1.5789    0.0953    2.2955    1.8421    0.1229
    2.3389    2.1053    0.1505    2.3823    2.3684    0.1781
    2.4257    2.6316    0.2058    2.4690    2.8947    0.2334
    2.5124    3.1579    0.2610    2.5558    3.4211    0.2886
    2.5992    3.6842    0.3163    2.6426    3.9474    0.3439
    2.6860    4.2105    0.3715    2.7294    4.4737    0.3991
    2.7728    4.7368    0.4267    2.8162    5.0000    0.4544
    1.9715    0.0000   -0.0724    2.0154    0.2632   -0.0448
    2.0594    0.5263   -0.0171    2.1033    0.7895    0.0105
    2.1472    1.0526    0.0382    2.1911    1.3158    0.0658
    2.2351    1.5789    0.0935    2.2790    1.8421    0.1211
    2.3229    2.1053    0.1488    2.3669    2.3684    0.1764
    2.4108    2.6316    0.2041    2.4547    2.8947    0.2317
    2.4986    3.1579    0.2594    2.5426    3.4211    0.2870
    2.5865    3.6842    0.3146    2.6304    3.9474    0.3423
    2.6744    4.2105    0.3699    2.7183    4.4737    0.3976
    2.7622    4.7368    0.4252    2.8061    5.0000    0.4529
    1.9408    0.0000   -0.0753    1.9855    0.2632   -0.0476
    2.0303    0.5263   -0.0199    2.0750    0.7895    0.0077
    2.1197    1.0526    0.0354    2.1645    1.3158    0.0631
    2.2092    1.5789    0.0908    2.2540    1.8421    0.1185
    2.2987    2.1053    0.1461    2.3435    2.3684    0.1738
    2.3882    2.6316    0.2015    2.4329    2.8947    0.2292
    2.4777    3.1579    0.2569    2.5224    3.4211    0.2846
    2.5672    3.6842    0.3122    2.6119    3.9474    0.3399
    2.6566    4.2105    0.3676    2.7014    4.4737    0.3953
    2.7461    4.7368    0.4230    2.7909    5.0000    0.4506
    1.9033    0.0000   -0.0787    1.9490    0.2632   -0.0510
    1.9948    0.5263   -0.0233    2.0405    0.7895    0.0044
    2.0862    1.0526    0.0322    2.1320    1.3158    0.0599
    2.1777    1.5789    0.0876    2.2235    1.8421    0.1153
    2.2692    2.1053    0.1430    2.3149    2.3684    0.1708
    2.3607    2.6316    0.1985    2.4064    2.8947    0.2262
    2.4521    3.1579    0.2539    2.4979    3.4211    0.2816
    2.5436    3.6842    0.3093    2.5893    3.9474    0.3371
    2.6351    4.2105    0.3648    2.6808    4.4737    0.3925
    2.7265    4.7368    0.4202    2.7723    5.0000    0.4479
    1.8632    0.0000   -0.0822    1.9100    0.2632   -0.0545
    1.9568    0.5263   -0.0267    2.0036    0.7895    0.0011
    2.0504    1.0526    0.0288    2.0972    1.3158    0.0566
    2.1440    1.5789    0.0843    2.1908    1.8421    0.1121
    2.2376    2.1053    0.1398    2.2844    2.3684    0.1676
    2.3312    2.6316    0.1953    2.3780    2.8947    0.2231
    2.4248    3.1579    0.2509    2.4716    3.4211    0.2786
    2.5184    3.6842    0.3064    2.5652    3.9474    0.3341
    2.6119    4.2105    0.3619    2.6587    4.4737    0.3896
    2.7055    4.7368    0.4174    2.7523    5.0000    0.4451
    1.8237    0.0000   -0.0854    1.8716    0.2632   -0.0576
    1.9194    0.5263   -0.0298    1.9673    0.7895   -0.0021
    2.0151    1.0526    0.0257    2.0629    1.3158    0.0535
    2.1108    1.5789    0.0813    2.1586    1.8421    0.1091
    2.2065    2.1053    0.1369    2.2543    2.3684    0.1647
    2.3021    2.6316    0.1924    2.3500    2.8947    0.2202
    2.3978    3.1579    0.2480    2.4457    3.4211    0.2758
    2.4935    3.6842    0.3036    2.5413    3.9474    0.3314
    2.5892    4.2105    0.3592    2.6370    4.4737    0.3870
    2.6849    4.7368    0.4147    2.7327    5.0000    0.4425
    1.7860    0.0000   -0.0881    1.8349    0.2632   -0.0603
    1.8837    0.5263   -0.0325    1.9325    0.7895   -0.0047
    1.9814    1.0526    0.0231    2.0302    1.3158    0.0509
    2.0790    1.5789    0.0787    2.1279    1.8421    0.1065
    2.1767    2.1053    0.1343    2.2256    2.3684    0.1621
    2.2744    2.6316    0.1899    2.3232    2.8947    0.2177
    2.3721    3.1579    0.2455    2.4209    3.4211    0.2733
    2.4698    3.6842    0.3011    2.5186    3.9474    0.3290
    2.5674    4.2105    0.3568    2.6163    4.4737    0.3846
    2.6651    4.7368    0.4124    2.7139    5.0000    0.4402
    1.7477    0.0000   -0.0906    1.7976    0.2632   -0.0628
    1.8474    0.5263   -0.0349    1.8973    0.7895   -0.0071
    1.9471    1.0526    0.0207    1.9970    1.3158    0.0485
    2.0468    1.5789    0.0763    2.0967    1.8421    0.1041
    2.1465    2.1053    0.1320    2.1964    2.3684    0.1598
    2.2462    2.6316    0.1876    2.2961    2.8947    0.2154
    2.3459    3.1579    0.2432    2.3958    3.4211    0.2711
    2.4456    3.6842    0.2989    2.4955    3.9474    0.3267
    2.5453    4.2105    0.3545    2.5952    4.4737    0.3823
    2.6450    4.7368    0.4101    2.6949    5.0000    0.4380
    1.7029    0.0000   -0.0933    1.7539    0.2632   -0.0655
    1.8050    0.5263   -0.0377    1.8560    0.7895   -0.0098
    1.9070    1.0526    0.0180    1.9581    1.3158    0.0458
    2.0091    1.5789    0.0737    2.0602    1.8421    0.1015
    2.1112    2.1053    0.1293    2.1622    2.3684    0.1571
    2.2133    2.6316    0.1850    2.2643    2.8947    0.2128
    2.3153    3.1579    0.2406    2.3664    3.4211    0.2685
    2.4174    3.6842    0.2963    2.4684    3.9474    0.3241
    2.5195    4.2105    0.3519    2.5705    4.4737    0.3798
    2.6215    4.7368    0.4076    2.6726    5.0000    0.4354
    1.6507    0.0000   -0.0964    1.7031    0.2632   -0.0686
    1.7555    0.5263   -0.0407    1.8079    0.7895   -0.0129
    1.8603    1.0526    0.0150    1.9127    1.3158    0.0428
    1.9652    1.5789    0.0706    2.0176    1.8421    0.0985
    2.0700    2.1053    0.1263    2.1224    2.3684    0.1541
    2.1748    2.6316    0.1820    2.2272    2.8947    0.2098
    2.2797    3.1579    0.2377    2.3321    3.4211    0.2655
    2.3845    3.6842    0.2933    2.4369    3.9474    0.3212
    2.4893    4.2105    0.3490    2.5417    4.4737    0.3768
    2.5942    4.7368    0.4047    2.6466    5.0000    0.4325
    1.5931    0.0000   -0.0996    1.6470    0.2632   -0.0717
    1.7009    0.5263   -0.0439    1.7549    0.7895   -0.0160
    1.8088    1.0526    0.0118    1.8628    1.3158    0.0396
    1.9167    1.5789    0.0675    1.9706    1.8421    0.0953
    2.0246    2.1053    0.1232    2.0785    2.3684    0.1510
    2.1325    2.6316    0.1788    2.1864    2.8947    0.2067
    2.2403    3.1579    0.2345    2.2943    3.4211    0.2624
    2.3482    3.6842    0.2902    2.4021    3.9474    0.3180
    2.4561    4.2105    0.3459    2.5100    4.4737    0.3737
    2.5640    4.7368    0.4016    2.6179    5.0000    0.4294
    1.5297    0.0000   -0.1028    1.5853    0.2632   -0.0750
    1.6409    0.5263   -0.0471    1.6965    0.7895   -0.0193
    1.7521    1.0526    0.0086    1.8078    1.3158    0.0364
    1.8634    1.5789    0.0642    1.9190    1.8421    0.0921
    1.9746    2.1053    0.1199    2.0302    2.3684    0.1478
    2.0858    2.6316    0.1756    2.1414    2.8947    0.2034
    2.1970    3.1579    0.2313    2.2527    3.4211    0.2591
    2.3083    3.6842    0.2870    2.3639    3.9474    0.3148
    2.4195    4.2105    0.3426    2.4751    4.4737    0.3705
    2.5307    4.7368    0.3983    2.5863    5.0000    0.4261
    1.4608    0.0000   -0.1060    1.5182    0.2632   -0.0782
    1.5757    0.5263   -0.0504    1.6331    0.7895   -0.0225
    1.6905    1.0526    0.0053    1.7480    1.3158    0.0331
    1.8054    1.5789    0.0610    1.8628    1.8421    0.0888
    1.9203    2.1053    0.1166    1.9777    2.3684    0.1444
    2.0351    2.6316    0.1723    2.0926    2.8947    0.2001
    2.1500    3.1579    0.2279    2.2074    3.4211    0.2558
    2.2649    3.6842    0.2836    2.3223    3.9474    0.3114
    2.3797    4.2105    0.3393    2.4372    4.4737    0.3671
    2.4946    4.7368    0.3949    2.5520    5.0000    0.4227
    1.3871    0.0000   -0.1091    1.4465    0.2632   -0.0813
    1.5058    0.5263   -0.0535    1.5652    0.7895   -0.0257
    1.6246    1.0526    0.0021    1.6840    1.3158    0.0299
    1.7434    1.5789    0.0577    1.8027    1.8421    0.0856
    1.8621    2.1053    0.1134    1.9215    2.3684    0.1412
    1.9809    2.6316    0.1690    2.0403    2.8947    0.1968
    2.0996    3.1579    0.2246    2.1590    3.4211    0.2524
    2.2184    3.6842    0.2802    2.2778    3.9474    0.3080
    2.3372    4.2105    0.3358    2.3965    4.4737    0.3636
    2.4559    4.7368    0.3915    2.5153    5.0000    0.4193
    1.3089    0.0000   -0.1120    1.3704    0.2632   -0.0842
    1.4318    0.5263   -0.0564    1.4933    0.7895   -0.0286
    1.5547    1.0526   -0.0009    1.6162    1.3158    0.0269
    1.6776    1.5789    0.0547    1.7390    1.8421    0.0825
    1.8005    2.1053    0.1103    1.8619    2.3684    0.1380
    1.9234    2.6316    0.1658    1.9848    2.8947    0.1936
    2.0463    3.1579    0.2214    2.1077    3.4211    0.2491
    2.1691    3.6842    0.2769    2.2306    3.9474    0.3047
    2.2920    4.2105    0.3325    2.3535    4.4737    0.3602
    2.4149    4.7368    0.3880    2.4764    5.0000    0.4158
    1.2271    0.0000   -0.1145    1.2907    0.2632   -0.0868
    1.3543    0.5263   -0.0590    1.4179    0.7895   -0.0313
    1.4815    1.0526   -0.0036    1.5451    1.3158    0.0242
    1.6087    1.5789    0.0519    1.6723    1.8421    0.0796
    1.7359    2.1053    0.1074    1.7995    2.3684    0.1351
    1.8631    2.6316    0.1628    1.9267    2.8947    0.1905
    1.9903    3.1579    0.2183    2.0539    3.4211    0.2460
    2.1175    3.6842    0.2737    2.1812    3.9474    0.3015
    2.2448    4.2105    0.3292    2.3084    4.4737    0.3569
    2.3720    4.7368    0.3847    2.4356    5.0000    0.4124
    1.1423    0.0000   -0.1165    1.2082    0.2632   -0.0889
    1.2740    0.5263   -0.0612    1.3398    0.7895   -0.0335
    1.4057    1.0526   -0.0059    1.4715    1.3158    0.0218
    1.5374    1.5789    0.0495    1.6032    1.8421    0.0771
    1.6690    2.1053    0.1048    1.7349    2.3684    0.1325
    1.8007    2.6316    0.1601    1.8666    2.8947    0.1878
    1.9324    3.1579    0.2155    1.9982    3.4211    0.2431
    2.0641    3.6842    0.2708    2.1299    3.9474    0.2985
    2.1958    4.2105    0.3262    2.2616    4.4737    0.3538
    2.3274    4.7368    0.3815    2.3933    5.0000    0.4092
    1.0553    0.0000   -0.1180    1.1235    0.2632   -0.0904
    1.1916    0.5263   -0.0628    1.2597    0.7895   -0.0352
    1.3279    1.0526   -0.0076    1.3960    1.3158    0.0200
    1.4641    1.5789    0.0476    1.5323    1.8421    0.0751
    1.6004    2.1053    0.1027    1.6685    2.3684    0.1303
    1.7367    2.6316    0.1579    1.8048    2.8947    0.1855
    1.8729    3.1579    0.2131    1.9411    3.4211    0.2407
    2.0092    3.6842    0.2682    2.0774    3.9474    0.2958
    2.1455    4.2105    0.3234    2.2136    4.4737    0.3510
    2.2818    4.7368    0.3786    2.3499    5.0000    0.4062
    0.9671    0.0000   -0.1187    1.0375    0.2632   -0.0912
    1.1080    0.5263   -0.0637    1.1785    0.7895   -0.0362
    1.2489    1.0526   -0.0087    1.3194    1.3158    0.0188
    1.3898    1.5789    0.0462    1.4603    1.8421    0.0737
    1.5308    2.1053    0.1012    1.6012    2.3684    0.1287
    1.6717    2.6316    0.1562    1.7421    2.8947    0.1836
    1.8126    3.1579    0.2111    1.8831    3.4211    0.2386
    1.9535    3.6842    0.2661    2.0240    3.9474    0.2936
    2.0944    4.2105    0.3211    2.1649    4.4737    0.3485
    2.2354    4.7368    0.3760    2.3058    5.0000    0.4035
    0.8784    0.0000   -0.1185    0.9512    0.2632   -0.0911
    1.0240    0.5263   -0.0637    1.0968    0.7895   -0.0364
    1.1696    1.0526   -0.0090    1.2424    1.3158    0.0183
    1.3152    1.5789    0.0457    1.3880    1.8421    0.0730
    1.4608    2.1053    0.1004    1.5336    2.3684    0.1277
    1.6064    2.6316    0.1551    1.6792    2.8947    0.1824
    1.7520    3.1579    0.2098    1.8248    3.4211    0.2372
    1.8976    3.6842    0.2645    1.9704    3.9474    0.2919
    2.0432    4.2105    0.3192    2.1159    4.4737    0.3466
    2.1887    4.7368    0.3739    2.2615    5.0000    0.4013
    0.7902    0.0000   -0.1172    0.8653    0.2632   -0.0900
    0.9404    0.5263   -0.0628    1.0156    0.7895   -0.0356
    1.0907    1.0526   -0.0084    1.1658    1.3158    0.0188
    1.2409    1.5789    0.0460    1.3160    1.8421    0.0732
    1.3912    2.1053    0.1004    1.4663    2.3684    0.1276
    1.5414    2.6316    0.1548    1.6165    2.8947    0.1820
    1.6916    3.1579    0.2092    1.7668    3.4211    0.2364
    1.8419    3.6842    0.2636    1.9170    3.9474    0.2908
    1.9921    4.2105    0.3180    2.0672    4.4737    0.3452
    2.1424    4.7368    0.3724    2.2175    5.0000    0.3996
    0.7034    0.0000   -0.1148    0.7808    0.2632   -0.0878
    0.8582    0.5263   -0.0608    0.9356    0.7895   -0.0338
    1.0130    1.0526   -0.0068    1.0904    1.3158    0.0202
    1.1678    1.5789    0.0473    1.2452    1.8421    0.0743
    1.3226    2.1053    0.1013    1.4000    2.3684    0.1283
    1.4774    2.6316    0.1553    1.5548    2.8947    0.1824
    1.6323    3.1579    0.2094    1.7097    3.4211    0.2364
    1.7871    3.6842    0.2634    1.8645    3.9474    0.2904
    1.9419    4.2105    0.3174    2.0193    4.4737    0.3445
    2.0967    4.7368    0.3715    2.1741    5.0000    0.3985
    0.6189    0.0000   -0.1112    0.6985    0.2632   -0.0844
    0.7782    0.5263   -0.0576    0.8578    0.7895   -0.0308
    0.9374    1.0526   -0.0040    1.0170    1.3158    0.0228
    1.0967    1.5789    0.0496    1.1763    1.8421    0.0764
    1.2559    2.1053    0.1032    1.3355    2.3684    0.1300
    1.4152    2.6316    0.1568    1.4948    2.8947    0.1837
    1.5744    3.1579    0.2105    1.6540    3.4211    0.2373
    1.7337    3.6842    0.2641    1.8133    3.9474    0.2909
    1.8929    4.2105    0.3177    1.9725    4.4737    0.3445
    2.0522    4.7368    0.3713    2.1318    5.0000    0.3981
    0.5376    0.0000   -0.1063    0.6193    0.2632   -0.0797
    0.7011    0.5263   -0.0532    0.7828    0.7895   -0.0266
    0.8646    1.0526   -0.0000    0.9464    1.3158    0.0265
    1.0281    1.5789    0.0531    1.1099    1.8421    0.0797
    1.1917    2.1053    0.1062    1.2734    2.3684    0.1328
    1.3552    2.6316    0.1594    1.4369    2.8947    0.1859
    1.5187    3.1579    0.2125    1.6005    3.4211    0.2391
    1.6822    3.6842    0.2656    1.7640    3.9474    0.2922
    1.8458    4.2105    0.3187    1.9275    4.4737    0.3453
    2.0093    4.7368    0.3719    2.0910    5.0000    0.3984
    0.4601    0.0000   -0.1000    0.5439    0.2632   -0.0737
    0.6277    0.5263   -0.0474    0.7115    0.7895   -0.0211
    0.7953    1.0526    0.0052    0.8791    1.3158    0.0315
    0.9629    1.5789    0.0578    1.0467    1.8421    0.0840
    1.1305    2.1053    0.1103    1.2143    2.3684    0.1366
    1.2981    2.6316    0.1629    1.3819    2.8947    0.1892
    1.4657    3.1579    0.2155    1.5495    3.4211    0.2418
    1.6332    3.6842    0.2681    1.7170    3.9474    0.2944
    1.8008    4.2105    0.3207    1.8846    4.4737    0.3470
    1.9684    4.7368    0.3733    2.0522    5.0000    0.3996
    0.3875    0.0000   -0.0924    0.4732    0.2632   -0.0664
    0.5589    0.5263   -0.0404    0.6446    0.7895   -0.0144
    0.7303    1.0526    0.0116    0.8160    1.3158    0.0376
    0.9017    1.5789    0.0636    0.9874    1.8421    0.0896
    1.0731    2.1053    0.1156    1.1588    2.3684    0.1415
    1.2445    2.6316    0.1675    1.3302    2.8947    0.1935
    1.4159    3.1579    0.2195    1.5016    3.4211    0.2455
    1.5873    3.6842    0.2715    1.6730    3.9474    0.2975
    1.7587    4.2105    0.3235    1.8444    4.4737    0.3495
    1.9301    4.7368    0.3755    2.0158    5.0000    0.4015
    0.3208    0.0000   -0.0838    0.4082    0.2632   -0.0582
    0.4957    0.5263   -0.0325    0.5831    0.7895   -0.0068
    0.6706    1.0526    0.0189    0.7580    1.3158    0.0445
    0.8454    1.5789    0.0702    0.9329    1.8421    0.0959
    1.0203    2.1053    0.1216    1.1078    2.3684    0.1472
    1.1952    2.6316    0.1729    1.2827    2.8947    0.1986
    1.3701    3.1579    0.2243    1.4575    3.4211    0.2499
    1.5450    3.6842    0.2756    1.6324    3.9474    0.3013
    1.7199    4.2105    0.3270    1.8073    4.4737    0.3526
    1.8948    4.7368    0.3783    1.9822    5.0000    0.4040
    0.2606    0.0000   -0.0752    0.3497    0.2632   -0.0499
    0.4387    0.5263   -0.0245    0.5277    0.7895    0.0009
    0.6167    1.0526    0.0262    0.7057    1.3158    0.0516
    0.7947    1.5789    0.0770    0.8838    1.8421    0.1023
    0.9728    2.1053    0.1277    1.0618    2.3684    0.1530
    1.1508    2.6316    0.1784    1.2398    2.8947    0.2038
    1.3288    3.1579    0.2291    1.4179    3.4211    0.2545
    1.5069    3.6842    0.2799    1.5959    3.9474    0.3052
    1.6849    4.2105    0.3306    1.7739    4.4737    0.3560
    1.8629    4.7368    0.3813    1.9520    5.0000    0.4067
    0.2070    0.0000   -0.0671    0.2975    0.2632   -0.0421
    0.3879    0.5263   -0.0170    0.4783    0.7895    0.0081
    0.5687    1.0526    0.0332    0.6591    1.3158    0.0583
    0.7496    1.5789    0.0833    0.8400    1.8421    0.1084
    0.9304    2.1053    0.1335    1.0208    2.3684    0.1586
    1.1112    2.6316    0.1836    1.2016    2.8947    0.2087
    1.2921    3.1579    0.2338    1.3825    3.4211    0.2589
    1.4729    3.6842    0.2840    1.5633    3.9474    0.3090
    1.6537    4.2105    0.3341    1.7442    4.4737    0.3592
    1.8346    4.7368    0.3843    1.9250    5.0000    0.4093
    0.1599    0.0000   -0.0597    0.2515    0.2632   -0.0349
    0.3432    0.5263   -0.0101    0.4348    0.7895    0.0148
    0.5265    1.0526    0.0396    0.6181    1.3158    0.0644
    0.7098    1.5789    0.0892    0.8014    1.8421    0.1140
    0.8931    2.1053    0.1388    0.9847    2.3684    0.1637
    1.0764    2.6316    0.1885    1.1680    2.8947    0.2133
    1.2597    3.1579    0.2381    1.3513    3.4211    0.2629
    1.4430    3.6842    0.2877    1.5346    3.9474    0.3126
    1.6263    4.2105    0.3374    1.7180    4.4737    0.3622
    1.8096    4.7368    0.3870    1.9013    5.0000    0.4118
    0.1191    0.0000   -0.0527    0.2118    0.2632   -0.0281
    0.3045    0.5263   -0.0035    0.3972    0.7895    0.0210
    0.4899    1.0526    0.0456    0.5827    1.3158    0.0702
    0.6754    1.5789    0.0948    0.7681    1.8421    0.1193
    0.8608    2.1053    0.1439    0.9535    2.3684    0.1685
    1.0462    2.6316    0.1931    1.1390    2.8947    0.2177
    1.2317    3.1579    0.2422    1.3244    3.4211    0.2668
    1.4171    3.6842    0.2914    1.5098    3.9474    0.3160
    1.6025    4.2105    0.3405    1.6953    4.4737    0.3651
    1.7880    4.7368    0.3897    1.8807    5.0000    0.4143
    0.0845    0.0000   -0.0458    0.1781    0.2632   -0.0214
    0.2717    0.5263    0.0029    0.3653    0.7895    0.0273
    0.4590    1.0526    0.0516    0.5526    1.3158    0.0759
    0.6462    1.5789    0.1003    0.7398    1.8421    0.1246
    0.8334    2.1053    0.1490    0.9271    2.3684    0.1733
    1.0207    2.6316    0.1977    1.1143    2.8947    0.2220
    1.2079    3.1579    0.2464    1.3015    3.4211    0.2707
    1.3951    3.6842    0.2951    1.4888    3.9474    0.3194
    1.5824    4.2105    0.3438    1.6760    4.4737    0.3681
    1.7696    4.7368    0.3924    1.8632    5.0000    0.4168
    0.0561    0.0000   -0.0386    0.1504    0.2632   -0.0145
    0.2448    0.5263    0.0097    0.3392    0.7895    0.0338
    0.4335    1.0526    0.0579    0.5279    1.3158    0.0820
    0.6222    1.5789    0.1061    0.7166    1.8421    0.1302
    0.8109    2.1053    0.1544    0.9053    2.3684    0.1785
    0.9997    2.6316    0.2026    1.0940    2.8947    0.2267
    1.1884    3.1579    0.2508    1.2827    3.4211    0.2749
    1.3771    3.6842    0.2991    1.4714    3.9474    0.3232
    1.5658    4.2105    0.3473    1.6601    4.4737    0.3714
    1.7545    4.7368    0.3955    1.8489    5.0000    0.4196
    0.0338    0.0000   -0.0307    0.1287    0.2632   -0.0068
    0.2237    0.5263    0.0170    0.3186    0.7895    0.0409
    0.4135    1.0526    0.0648    0.5085    1.3158    0.0887
    0.6034    1.5789    0.1126    0.6983    1.8421    0.1364
    0.7933    2.1053    0.1603    0.8882    2.3684    0.1842
    0.9831    2.6316    0.2081    1.0781    2.8947    0.2320
    1.1730    3.1579    0.2558    1.2679    3.4211    0.2797
    1.3629    3.6842    0.3036    1.4578    3.9474    0.3275
    1.5527    4.2105    0.3514    1.6477    4.4737    0.3752
    1.7426    4.7368    0.3991    1.8375    5.0000    0.4230
    0.0175    0.0000   -0.0221    0.1128    0.2632    0.0015
    0.2082    0.5263    0.0252    0.3035    0.7895    0.0488
    0.3989    1.0526    0.0724    0.4942    1.3158    0.0960
    0.5896    1.5789    0.1197    0.6849    1.8421    0.1433
    0.7803    2.1053    0.1669    0.8756    2.3684    0.1906
    0.9710    2.6316    0.2142    1.0664    2.8947    0.2378
    1.1617    3.1579    0.2615    1.2571    3.4211    0.2851
    1.3524    3.6842    0.3087    1.4478    3.9474    0.3323
    1.5431    4.2105    0.3560    1.6385    4.4737    0.3796
    1.7338    4.7368    0.4032    1.8292    5.0000    0.4269
    0.0070    0.0000   -0.0129    0.1026    0.2632    0.0105
    0.1982    0.5263    0.0339    0.2938    0.7895    0.0572
    0.3894    1.0526    0.0806    0.4851    1.3158    0.1040
    0.5807    1.5789    0.1274    0.6763    1.8421    0.1507
    0.7719    2.1053    0.1741    0.8675    2.3684    0.1975
    0.9631    2.6316    0.2208    1.0587    2.8947    0.2442
    1.1544    3.1579    0.2676    1.2500    3.4211    0.2910
    1.3456    3.6842    0.3143    1.4412    3.9474    0.3377
    1.5368    4.2105    0.3611    1.6324    4.4737    0.3844
    1.7281    4.7368    0.4078    1.8237    5.0000    0.4312
    0.0014    0.0000   -0.0041    0.0972    0.2632    0.0190
    0.1929    0.5263    0.0421    0.2887    0.7895    0.0653
    0.3844    1.0526    0.0884    0.4802    1.3158    0.1115
    0.5759    1.5789    0.1347    0.6717    1.8421    0.1578
    0.7674    2.1053    0.1809    0.8632    2.3684    0.2041
    0.9589    2.6316    0.2272    1.0547    2.8947    0.2503
    1.1504    3.1579    0.2735    1.2462    3.4211    0.2966
    1.3419    3.6842    0.3197    1.4377    3.9474    0.3429
    1.5334    4.2105    0.3660    1.6292    4.4737    0.3892
    1.7249    4.7368    0.4123    1.8207    5.0000    0.4354
   -0.0006    0.0000    0.0029    0.0952    0.2632    0.0258
    0.1910    0.5263    0.0487    0.2868    0.7895    0.0717
    0.3826    1.0526    0.0946    0.4784    1.3158    0.1176
    0.5742    1.5789    0.1405    0.6700    1.8421    0.1635
    0.7657    2.1053    0.1864    0.8615    2.3684    0.2094
    0.9573    2.6316    0.2323    1.0531    2.8947    0.2553
    1.1489    3.1579    0.2782    1.2447    3.4211    0.3012
    1.3405    3.6842    0.3241    1.4363    3.9474    0.3471
    1.5321    4.2105    0.3700    1.6279    4.4737    0.3930
    1.7237    4.7368    0.4159    1.8195    5.0000    0.4389
   -0.0010    0.0000    0.0073    0.0948    0.2632    0.0301
    0.1906    0.5263    0.0529    0.2864    0.7895    0.0758
    0.3822    1.0526    0.0986    0.4780    1.3158    0.1214
    0.5738    1.5789    0.1442    0.6696    1.8421    0.1671
    0.7654    2.1053    0.1899    0.8612    2.3684    0.2127
    0.9570    2.6316    0.2356    1.0528    2.8947    0.2584
    1.1486    3.1579    0.2812    1.2444    3.4211    0.3041
    1.3402    3.6842    0.3269    1.4360    3.9474    0.3497
    1.5318    4.2105    0.3726    1.6276    4.4737    0.3954
    1.7234    4.7368    0.4182    1.8192    5.0000    0.4410
   -0.0009    0.0000    0.0088    0.0948    0.2632    0.0315
    0.1906    0.5263    0.0543    0.2864    0.7895    0.0771
    0.3822    1.0526    0.0999    0.4780    1.3158    0.1227
    0.5738    1.5789    0.1455    0.6696    1.8421    0.1683
    0.7654    2.1053    0.1911    0.8612    2.3684    0.2139
    0.9570    2.6316    0.2367    1.0528    2.8947    0.2595
    1.1486    3.1579    0.2823    1.2444    3.4211    0.3050
    1.3402    3.6842    0.3278    1.4360    3.9474    0.3506
    1.5318    4.2105    0.3734    1.6276    4.4737    0.3962
    1.7234    4.7368    0.4190    1.8191    5.0000    0.4418
$POINTS for network #  3   WingTip                                           
       1.0
       1.0                                     0.0       0.0
       5.0      41.0                                                  WingTip   
    1.8191    5.0000    0.4418    1.8191    5.0000    0.4418
    1.8191    5.0000    0.4418    1.8191    5.0000    0.4418
    1.8191    5.0000    0.4418
    1.8192    5.0000    0.4425    1.8192    5.0000    0.4422
    1.8192    5.0000    0.4418    1.8192    5.0000    0.4414
    1.8192    5.0000    0.4410
    1.8194    5.0000    0.4448    1.8194    5.0000    0.4433
    1.8194    5.0000    0.4418    1.8194    5.0000    0.4403
    1.8195    5.0000    0.4389
    1.8203    5.0000    0.4486    1.8204    5.0000    0.4453
    1.8205    5.0000    0.4420    1.8206    5.0000    0.4387
    1.8207    5.0000    0.4354
    1.8229    5.0000    0.4537    1.8231    5.0000    0.4481
    1.8233    5.0000    0.4425    1.8235    5.0000    0.4368
    1.8237    5.0000    0.4312
    1.8277    5.0000    0.4601    1.8280    5.0000    0.4518
    1.8284    5.0000    0.4435    1.8288    5.0000    0.4352
    1.8292    5.0000    0.4269
    1.8352    5.0000    0.4673    1.8358    5.0000    0.4563
    1.8364    5.0000    0.4452    1.8370    5.0000    0.4341
    1.8375    5.0000    0.4230
    1.8460    5.0000    0.4752    1.8468    5.0000    0.4613
    1.8475    5.0000    0.4474    1.8482    5.0000    0.4335
    1.8489    5.0000    0.4196
    1.8604    5.0000    0.4834    1.8611    5.0000    0.4667
    1.8618    5.0000    0.4501    1.8625    5.0000    0.4334
    1.8632    5.0000    0.4168
    1.8784    5.0000    0.4914    1.8790    5.0000    0.4721
    1.8795    5.0000    0.4528    1.8801    5.0000    0.4335
    1.8807    5.0000    0.4143
    1.9001    5.0000    0.4987    1.9004    5.0000    0.4770
    1.9007    5.0000    0.4553    1.9010    5.0000    0.4335
    1.9013    5.0000    0.4118
    1.9254    5.0000    0.5050    1.9253    5.0000    0.4811
    1.9252    5.0000    0.4572    1.9251    5.0000    0.4333
    1.9250    5.0000    0.4093
    1.9541    5.0000    0.5100    1.9535    5.0000    0.4842
    1.9530    5.0000    0.4584    1.9525    5.0000    0.4325
    1.9520    5.0000    0.4067
    1.9857    5.0000    0.5136    1.9848    5.0000    0.4862
    1.9839    5.0000    0.4588    1.9831    5.0000    0.4314
    1.9822    5.0000    0.4040
    2.0198    5.0000    0.5160    2.0188    5.0000    0.4874
    2.0178    5.0000    0.4587    2.0168    5.0000    0.4301
    2.0158    5.0000    0.4015
    2.0563    5.0000    0.5175    2.0553    5.0000    0.4880
    2.0543    5.0000    0.4585    2.0532    5.0000    0.4290
    2.0522    5.0000    0.3996
    2.0950    5.0000    0.5181    2.0940    5.0000    0.4882
    2.0930    5.0000    0.4583    2.0920    5.0000    0.4284
    2.0910    5.0000    0.3984
    2.1356    5.0000    0.5180    2.1347    5.0000    0.4880
    2.1337    5.0000    0.4581    2.1327    5.0000    0.4281
    2.1318    5.0000    0.3981
    2.1777    5.0000    0.5172    2.1768    5.0000    0.4875
    2.1759    5.0000    0.4578    2.1750    5.0000    0.4282
    2.1741    5.0000    0.3985
    2.2210    5.0000    0.5157    2.2201    5.0000    0.4866
    2.2192    5.0000    0.4576    2.2183    5.0000    0.4286
    2.2175    5.0000    0.3996
    2.2648    5.0000    0.5135    2.2640    5.0000    0.4855
    2.2632    5.0000    0.4574    2.2624    5.0000    0.4293
    2.2615    5.0000    0.4013
    2.3089    5.0000    0.5109    2.3081    5.0000    0.4840
    2.3073    5.0000    0.4572    2.3066    5.0000    0.4303
    2.3058    5.0000    0.4035
    2.3527    5.0000    0.5078    2.3520    5.0000    0.4824
    2.3513    5.0000    0.4570    2.3506    5.0000    0.4316
    2.3499    5.0000    0.4062
    2.3958    5.0000    0.5044    2.3952    5.0000    0.4806
    2.3945    5.0000    0.4568    2.3939    5.0000    0.4330
    2.3933    5.0000    0.4092
    2.4378    5.0000    0.5008    2.4373    5.0000    0.4787
    2.4367    5.0000    0.4566    2.4361    5.0000    0.4345
    2.4356    5.0000    0.4124
    2.4784    5.0000    0.4970    2.4779    5.0000    0.4767
    2.4774    5.0000    0.4564    2.4769    5.0000    0.4361
    2.4764    5.0000    0.4158
    2.5171    5.0000    0.4932    2.5166    5.0000    0.4747
    2.5162    5.0000    0.4562    2.5157    5.0000    0.4377
    2.5153    5.0000    0.4193
    2.5536    5.0000    0.4894    2.5532    5.0000    0.4727
    2.5528    5.0000    0.4561    2.5524    5.0000    0.4394
    2.5520    5.0000    0.4227
    2.5877    5.0000    0.4857    2.5873    5.0000    0.4708
    2.5870    5.0000    0.4559    2.5867    5.0000    0.4410
    2.5863    5.0000    0.4261
    2.6190    5.0000    0.4821    2.6187    5.0000    0.4690
    2.6184    5.0000    0.4558    2.6182    5.0000    0.4426
    2.6179    5.0000    0.4294
    2.6475    5.0000    0.4788    2.6473    5.0000    0.4672
    2.6470    5.0000    0.4557    2.6468    5.0000    0.4441
    2.6466    5.0000    0.4325
    2.6733    5.0000    0.4757    2.6731    5.0000    0.4656
    2.6729    5.0000    0.4555    2.6728    5.0000    0.4455
    2.6726    5.0000    0.4354
    2.6954    5.0000    0.4729    2.6953    5.0000    0.4642
    2.6952    5.0000    0.4554    2.6950    5.0000    0.4467
    2.6949    5.0000    0.4380
    2.7144    5.0000    0.4706    2.7143    5.0000    0.4630
    2.7142    5.0000    0.4554    2.7141    5.0000    0.4478
    2.7139    5.0000    0.4402
    2.7331    5.0000    0.4680    2.7330    5.0000    0.4617
    2.7329    5.0000    0.4553    2.7328    5.0000    0.4489
    2.7327    5.0000    0.4425
    2.7527    5.0000    0.4652    2.7526    5.0000    0.4602
    2.7525    5.0000    0.4552    2.7524    5.0000    0.4502
    2.7523    5.0000    0.4451
    2.7725    5.0000    0.4623    2.7725    5.0000    0.4587
    2.7724    5.0000    0.4551    2.7723    5.0000    0.4515
    2.7723    5.0000    0.4479
    2.7910    5.0000    0.4594    2.7910    5.0000    0.4572
    2.7910    5.0000    0.4550    2.7909    5.0000    0.4528
    2.7909    5.0000    0.4506
    2.8062    5.0000    0.4570    2.8062    5.0000    0.4560
    2.8062    5.0000    0.4550    2.8062    5.0000    0.4539
    2.8061    5.0000    0.4529
    2.8162    5.0000    0.4554    2.8162    5.0000    0.4552
    2.8162    5.0000    0.4549    2.8162    5.0000    0.4546
    2.8162    5.0000    0.4544
    2.8197    5.0000    0.4549    2.8197    5.0000    0.4549
    2.8197    5.0000    0.4549    2.8197    5.0000    0.4549
    2.8197    5.0000    0.4549
$POINTS for network #  4   WingWake                                          
       1.0
      18.0                                     0.0       0.0
       2.0      20.0                                                  WingWake  
    1.9988    0.0000   -0.0698  101.9988    0.0000   -0.0698
    2.0420    0.2632   -0.0422  102.0420    0.2632   -0.0422
    2.0852    0.5263   -0.0146  102.0852    0.5263   -0.0146
    2.1284    0.7895    0.0130  102.1284    0.7895    0.0130
    2.1716    1.0526    0.0407  102.1716    1.0526    0.0407
    2.2148    1.3158    0.0683  102.2148    1.3158    0.0683
    2.2580    1.5789    0.0959  102.2580    1.5789    0.0959
    2.3012    1.8421    0.1235  102.3012    1.8421    0.1235
    2.3444    2.1053    0.1511  102.3444    2.1053    0.1511
    2.3876    2.3684    0.1787  102.3876    2.3684    0.1787
    2.4308    2.6316    0.2064  102.4308    2.6316    0.2064
    2.4740    2.8947    0.2340  102.4741    2.8947    0.2340
    2.5173    3.1579    0.2616  102.5173    3.1579    0.2616
    2.5605    3.4211    0.2892  102.5605    3.4211    0.2892
    2.6037    3.6842    0.3168  102.6037    3.6842    0.3168
    2.6469    3.9474    0.3444  102.6469    3.9474    0.3444
    2.6901    4.2105    0.3720  102.6901    4.2105    0.3720
    2.7333    4.4737    0.3997  102.7333    4.4737    0.3997
    2.7765    4.7368    0.4273  102.7765    4.7368    0.4273
    2.8197    5.0000    0.4549  102.8197    5.0000    0.4549
$END OF INPUT DATA
