(f5.0,4f13.4)
$title INPUT FILE FOR PanAir (A502-ht2)                                        
$title Created by PANIN                                                        
$      second order pressures at grid points
*dupt
*dup
n01c001
 irow            x            y            z          cp1
    1 -9.00000E-04  0.00000E+00  8.80000E-03  5.09829E-01
    2  9.01000E-02  2.50000E-01  3.04000E-02  4.29497E-01
    3  1.81100E-01  5.00000E-01  5.21000E-02  3.63111E-01
    4  2.72100E-01  7.50000E-01  7.37000E-02  3.13237E-01
    5  3.63100E-01  1.00000E+00  9.54000E-02  2.71627E-01
    6  4.54100E-01  1.25000E+00  1.17000E-01  2.36581E-01
    7  5.45100E-01  1.50000E+00  1.38700E-01  2.08640E-01
    8  6.36100E-01  1.75000E+00  1.60300E-01  1.91973E-01
    9  7.27100E-01  2.00000E+00  1.82000E-01  1.81731E-01
   10  8.18100E-01  2.25000E+00  2.03600E-01  1.79631E-01
   11  9.09100E-01  2.50000E+00  2.25300E-01  1.86284E-01
   12  1.00010E+00  2.75000E+00  2.46900E-01  2.01021E-01
   13  1.09110E+00  3.00000E+00  2.68600E-01  2.20359E-01
   14  1.18210E+00  3.25000E+00  2.90200E-01  2.48127E-01
   15  1.27310E+00  3.50000E+00  3.11900E-01  2.85129E-01
   16  1.36410E+00  3.75000E+00  3.33500E-01  3.29657E-01
   17  1.45510E+00  4.00000E+00  3.55200E-01  3.77524E-01
   18  1.54610E+00  4.25000E+00  3.76800E-01  4.33720E-01
   19  1.63710E+00  4.50000E+00  3.98500E-01  4.60135E-01
   20  1.72810E+00  4.75000E+00  4.20100E-01  5.53699E-01
   21  1.81910E+00  5.00000E+00  4.41800E-01  7.23851E-01
*eof
n01c002
    1  2.92000E-02  0.00000E+00  5.45000E-02 -4.00722E-02
    2  1.19400E-01  2.50000E-01  7.50000E-02 -7.06616E-02
    3  2.09600E-01  5.00000E-01  9.56000E-02 -1.32655E-01
    4  2.99800E-01  7.50000E-01  1.16100E-01 -1.57458E-01
    5  3.89900E-01  1.00000E+00  1.36700E-01 -1.74356E-01
    6  4.80100E-01  1.25000E+00  1.57200E-01 -1.85210E-01
    7  5.70300E-01  1.50000E+00  1.77700E-01 -1.91186E-01
    8  6.60500E-01  1.75000E+00  1.98300E-01 -1.92824E-01
    9  7.50700E-01  2.00000E+00  2.18800E-01 -1.89763E-01
   10  8.40900E-01  2.25000E+00  2.39400E-01 -1.84105E-01
   11  9.31100E-01  2.50000E+00  2.59900E-01 -1.74041E-01
   12  1.02130E+00  2.75000E+00  2.80500E-01 -1.60581E-01
   13  1.11150E+00  3.00000E+00  3.01000E-01 -1.43547E-01
   14  1.20170E+00  3.25000E+00  3.21600E-01 -1.23965E-01
   15  1.29180E+00  3.50000E+00  3.42100E-01 -9.91657E-02
   16  1.38200E+00  3.75000E+00  3.62700E-01 -7.08938E-02
   17  1.47220E+00  4.00000E+00  3.83200E-01 -3.73994E-02
   18  1.56240E+00  4.25000E+00  4.03800E-01  1.53722E-03
   19  1.65260E+00  4.50000E+00  4.24300E-01  3.36919E-02
   20  1.74280E+00  4.75000E+00  4.44900E-01  1.46056E-01
   21  1.83300E+00  5.00000E+00  4.65400E-01  2.99124E-01
*eof
n01c003
    1  9.23000E-02  0.00000E+00  9.03000E-02 -5.58028E-01
    2  1.80800E-01  2.50000E-01  1.10100E-01 -5.27965E-01
    3  2.69400E-01  5.00000E-01  1.29800E-01 -5.79381E-01
    4  3.58000E-01  7.50000E-01  1.49500E-01 -5.82997E-01
    5  4.46500E-01  1.00000E+00  1.69300E-01 -5.82604E-01
    6  5.35100E-01  1.25000E+00  1.89000E-01 -5.78615E-01
    7  6.23700E-01  1.50000E+00  2.08700E-01 -5.72960E-01
    8  7.12200E-01  1.75000E+00  2.28500E-01 -5.66030E-01
    9  8.00800E-01  2.00000E+00  2.48200E-01 -5.56935E-01
   10  8.89400E-01  2.25000E+00  2.67900E-01 -5.47243E-01
   11  9.77900E-01  2.50000E+00  2.87700E-01 -5.36529E-01
   12  1.06650E+00  2.75000E+00  3.07400E-01 -5.23860E-01
   13  1.15500E+00  3.00000E+00  3.27100E-01 -5.09001E-01
   14  1.24360E+00  3.25000E+00  3.46800E-01 -4.93418E-01
   15  1.33220E+00  3.50000E+00  3.66600E-01 -4.77244E-01
   16  1.42070E+00  3.75000E+00  3.86300E-01 -4.57534E-01
   17  1.50930E+00  4.00000E+00  4.06000E-01 -4.34644E-01
   18  1.59790E+00  4.25000E+00  4.25800E-01 -4.07721E-01
   19  1.68640E+00  4.50000E+00  4.45500E-01 -3.87616E-01
   20  1.77500E+00  4.75000E+00  4.65200E-01 -2.67253E-01
   21  1.86360E+00  5.00000E+00  4.85000E-01 -1.46916E-01
*eof
n01c004
    1  1.72800E-01  0.00000E+00  1.15400E-01 -7.37540E-01
    2  2.59300E-01  2.50000E-01  1.34600E-01 -7.01819E-01
    3  3.45800E-01  5.00000E-01  1.53800E-01 -7.27104E-01
    4  4.32400E-01  7.50000E-01  1.73000E-01 -7.22988E-01
    5  5.18900E-01  1.00000E+00  1.92200E-01 -7.18471E-01
    6  6.05400E-01  1.25000E+00  2.11400E-01 -7.12918E-01
    7  6.91900E-01  1.50000E+00  2.30600E-01 -7.07078E-01
    8  7.78400E-01  1.75000E+00  2.49800E-01 -7.01303E-01
    9  8.64900E-01  2.00000E+00  2.69100E-01 -6.94541E-01
   10  9.51400E-01  2.25000E+00  2.88300E-01 -6.86459E-01
   11  1.03800E+00  2.50000E+00  3.07500E-01 -6.77133E-01
   12  1.12450E+00  2.75000E+00  3.26700E-01 -6.66160E-01
   13  1.21100E+00  3.00000E+00  3.45900E-01 -6.53424E-01
   14  1.29750E+00  3.25000E+00  3.65100E-01 -6.39587E-01
   15  1.38400E+00  3.50000E+00  3.84300E-01 -6.25074E-01
   16  1.47050E+00  3.75000E+00  4.03500E-01 -6.08353E-01
   17  1.55710E+00  4.00000E+00  4.22700E-01 -5.89615E-01
   18  1.64360E+00  4.25000E+00  4.41900E-01 -5.68693E-01
   19  1.73010E+00  4.50000E+00  4.61200E-01 -5.56133E-01
   20  1.81660E+00  4.75000E+00  4.80400E-01 -4.61232E-01
   21  1.90310E+00  5.00000E+00  4.99600E-01 -3.67394E-01
*eof
n01c005
    1  2.64000E-01  0.00000E+00  1.29800E-01 -6.86997E-01
    2  3.48200E-01  2.50000E-01  1.48800E-01 -6.61144E-01
    3  4.32400E-01  5.00000E-01  1.67800E-01 -6.62743E-01
    4  5.16600E-01  7.50000E-01  1.86700E-01 -6.55425E-01
    5  6.00900E-01  1.00000E+00  2.05700E-01 -6.48860E-01
    6  6.85100E-01  1.25000E+00  2.24700E-01 -6.42783E-01
    7  7.69300E-01  1.50000E+00  2.43600E-01 -6.36655E-01
    8  8.53500E-01  1.75000E+00  2.62600E-01 -6.30929E-01
    9  9.37700E-01  2.00000E+00  2.81600E-01 -6.24946E-01
   10  1.02190E+00  2.25000E+00  3.00500E-01 -6.17500E-01
   11  1.10610E+00  2.50000E+00  3.19500E-01 -6.09319E-01
   12  1.19030E+00  2.75000E+00  3.38500E-01 -6.00474E-01
   13  1.27460E+00  3.00000E+00  3.57400E-01 -5.90501E-01
   14  1.35880E+00  3.25000E+00  3.76400E-01 -5.80666E-01
   15  1.44300E+00  3.50000E+00  3.95400E-01 -5.69973E-01
   16  1.52720E+00  3.75000E+00  4.14300E-01 -5.57186E-01
   17  1.61140E+00  4.00000E+00  4.33300E-01 -5.43204E-01
   18  1.69560E+00  4.25000E+00  4.52300E-01 -5.26503E-01
   19  1.77980E+00  4.50000E+00  4.71200E-01 -5.14600E-01
   20  1.86410E+00  4.75000E+00  4.90200E-01 -4.52765E-01
   21  1.94830E+00  5.00000E+00  5.09200E-01 -3.78286E-01
*eof
n01c006
    1  3.61500E-01  0.00000E+00  1.35500E-01 -5.54866E-01
    2  4.43200E-01  2.50000E-01  1.54400E-01 -5.36368E-01
    3  5.25000E-01  5.00000E-01  1.73400E-01 -5.24365E-01
    4  6.06800E-01  7.50000E-01  1.92300E-01 -5.16103E-01
    5  6.88500E-01  1.00000E+00  2.11300E-01 -5.09274E-01
    6  7.70300E-01  1.25000E+00  2.30200E-01 -5.03182E-01
    7  8.52100E-01  1.50000E+00  2.49200E-01 -4.97350E-01
    8  9.33800E-01  1.75000E+00  2.68100E-01 -4.91622E-01
    9  1.01560E+00  2.00000E+00  2.87100E-01 -4.85478E-01
   10  1.09740E+00  2.25000E+00  3.06000E-01 -4.79057E-01
   11  1.17910E+00  2.50000E+00  3.25000E-01 -4.72850E-01
   12  1.26090E+00  2.75000E+00  3.43900E-01 -4.65923E-01
   13  1.34270E+00  3.00000E+00  3.62900E-01 -4.58678E-01
   14  1.42440E+00  3.25000E+00  3.81900E-01 -4.51606E-01
   15  1.50620E+00  3.50000E+00  4.00800E-01 -4.43068E-01
   16  1.58800E+00  3.75000E+00  4.19800E-01 -4.33396E-01
   17  1.66970E+00  4.00000E+00  4.38700E-01 -4.23373E-01
   18  1.75150E+00  4.25000E+00  4.57700E-01 -4.10274E-01
   19  1.83330E+00  4.50000E+00  4.76600E-01 -3.97696E-01
   20  1.91500E+00  4.75000E+00  4.95600E-01 -3.60435E-01
   21  1.99680E+00  5.00000E+00  5.14500E-01 -3.04351E-01
*eof
n01c007
    1  4.62700E-01  0.00000E+00  1.35400E-01 -4.15754E-01
    2  5.41900E-01  2.50000E-01  1.54500E-01 -4.03578E-01
    3  6.21200E-01  5.00000E-01  1.73600E-01 -3.85984E-01
    4  7.00400E-01  7.50000E-01  1.92700E-01 -3.78094E-01
    5  7.79600E-01  1.00000E+00  2.11800E-01 -3.71945E-01
    6  8.58900E-01  1.25000E+00  2.30900E-01 -3.66529E-01
    7  9.38100E-01  1.50000E+00  2.50000E-01 -3.61300E-01
    8  1.01730E+00  1.75000E+00  2.69000E-01 -3.55537E-01
    9  1.09660E+00  2.00000E+00  2.88100E-01 -3.49784E-01
   10  1.17580E+00  2.25000E+00  3.07200E-01 -3.44849E-01
   11  1.25500E+00  2.50000E+00  3.26300E-01 -3.40001E-01
   12  1.33430E+00  2.75000E+00  3.45400E-01 -3.34860E-01
   13  1.41350E+00  3.00000E+00  3.64500E-01 -3.29988E-01
   14  1.49270E+00  3.25000E+00  3.83600E-01 -3.23897E-01
   15  1.57200E+00  3.50000E+00  4.02600E-01 -3.15917E-01
   16  1.65120E+00  3.75000E+00  4.21700E-01 -3.08244E-01
   17  1.73040E+00  4.00000E+00  4.40800E-01 -3.00684E-01
   18  1.80960E+00  4.25000E+00  4.59900E-01 -2.91160E-01
   19  1.88890E+00  4.50000E+00  4.79000E-01 -2.79422E-01
   20  1.96810E+00  4.75000E+00  4.98100E-01 -2.60424E-01
   21  2.04730E+00  5.00000E+00  5.17200E-01 -2.25620E-01
*eof
n01c008
    1  5.67600E-01  0.00000E+00  1.31900E-01 -3.17213E-01
    2  6.44200E-01  2.50000E-01  1.51200E-01 -3.04804E-01
    3  7.20800E-01  5.00000E-01  1.70500E-01 -2.88190E-01
    4  7.97400E-01  7.50000E-01  1.89800E-01 -2.80493E-01
    5  8.74000E-01  1.00000E+00  2.09200E-01 -2.74702E-01
    6  9.50600E-01  1.25000E+00  2.28500E-01 -2.69610E-01
    7  1.02720E+00  1.50000E+00  2.47800E-01 -2.64815E-01
    8  1.10390E+00  1.75000E+00  2.67100E-01 -2.60208E-01
    9  1.18050E+00  2.00000E+00  2.86400E-01 -2.55843E-01
   10  1.25710E+00  2.25000E+00  3.05700E-01 -2.51436E-01
   11  1.33370E+00  2.50000E+00  3.25000E-01 -2.46952E-01
   12  1.41030E+00  2.75000E+00  3.44300E-01 -2.42886E-01
   13  1.48690E+00  3.00000E+00  3.63700E-01 -2.39258E-01
   14  1.56350E+00  3.25000E+00  3.83000E-01 -2.34935E-01
   15  1.64010E+00  3.50000E+00  4.02300E-01 -2.29511E-01
   16  1.71670E+00  3.75000E+00  4.21600E-01 -2.23623E-01
   17  1.79340E+00  4.00000E+00  4.40900E-01 -2.17006E-01
   18  1.87000E+00  4.25000E+00  4.60200E-01 -2.08712E-01
   19  1.94660E+00  4.50000E+00  4.79500E-01 -1.96283E-01
   20  2.02320E+00  4.75000E+00  4.98800E-01 -1.89398E-01
   21  2.09980E+00  5.00000E+00  5.18200E-01 -1.80868E-01
*eof
n01c009
    1  6.75500E-01  0.00000E+00  1.25400E-01 -2.42804E-01
    2  7.49400E-01  2.50000E-01  1.45000E-01 -2.30622E-01
    3  8.23300E-01  5.00000E-01  1.64700E-01 -2.16909E-01
    4  8.97200E-01  7.50000E-01  1.84300E-01 -2.09521E-01
    5  9.71100E-01  1.00000E+00  2.03900E-01 -2.03474E-01
    6  1.04510E+00  1.25000E+00  2.23500E-01 -1.98327E-01
    7  1.11900E+00  1.50000E+00  2.43100E-01 -1.94042E-01
    8  1.19290E+00  1.75000E+00  2.62700E-01 -1.90561E-01
    9  1.26680E+00  2.00000E+00  2.82400E-01 -1.87414E-01
   10  1.34070E+00  2.25000E+00  3.02000E-01 -1.83877E-01
   11  1.41470E+00  2.50000E+00  3.21600E-01 -1.80072E-01
   12  1.48860E+00  2.75000E+00  3.41200E-01 -1.76498E-01
   13  1.56250E+00  3.00000E+00  3.60800E-01 -1.72880E-01
   14  1.63640E+00  3.25000E+00  3.80400E-01 -1.69511E-01
   15  1.71030E+00  3.50000E+00  4.00100E-01 -1.66505E-01
   16  1.78420E+00  3.75000E+00  4.19700E-01 -1.62796E-01
   17  1.85820E+00  4.00000E+00  4.39300E-01 -1.57758E-01
   18  1.93210E+00  4.25000E+00  4.58900E-01 -1.51102E-01
   19  2.00600E+00  4.50000E+00  4.78500E-01 -1.38918E-01
   20  2.07990E+00  4.75000E+00  4.98100E-01 -1.41213E-01
   21  2.15380E+00  5.00000E+00  5.17700E-01 -1.54530E-01
*eof
n01c010
    1  7.85400E-01  0.00000E+00  1.16400E-01 -1.79563E-01
    2  8.56600E-01  2.50000E-01  1.36400E-01 -1.68948E-01
    3  9.27800E-01  5.00000E-01  1.56400E-01 -1.57257E-01
    4  9.98900E-01  7.50000E-01  1.76400E-01 -1.50373E-01
    5  1.07010E+00  1.00000E+00  1.96400E-01 -1.44793E-01
    6  1.14130E+00  1.25000E+00  2.16400E-01 -1.40470E-01
    7  1.21250E+00  1.50000E+00  2.36400E-01 -1.36792E-01
    8  1.28370E+00  1.75000E+00  2.56300E-01 -1.33179E-01
    9  1.35480E+00  2.00000E+00  2.76300E-01 -1.30201E-01
   10  1.42600E+00  2.25000E+00  2.96300E-01 -1.27915E-01
   11  1.49720E+00  2.50000E+00  3.16300E-01 -1.25839E-01
   12  1.56840E+00  2.75000E+00  3.36300E-01 -1.23428E-01
   13  1.63950E+00  3.00000E+00  3.56300E-01 -1.20338E-01
   14  1.71070E+00  3.25000E+00  3.76200E-01 -1.16997E-01
   15  1.78190E+00  3.50000E+00  3.96200E-01 -1.14285E-01
   16  1.85310E+00  3.75000E+00  4.16200E-01 -1.11606E-01
   17  1.92430E+00  4.00000E+00  4.36200E-01 -1.08371E-01
   18  1.99540E+00  4.25000E+00  4.56200E-01 -1.03996E-01
   19  2.06660E+00  4.50000E+00  4.76200E-01 -9.34651E-02
   20  2.13780E+00  4.75000E+00  4.96200E-01 -1.04132E-01
   21  2.20900E+00  5.00000E+00  5.16100E-01 -1.34061E-01
*eof
n01c011
    1  8.96700E-01  0.00000E+00  1.05400E-01 -1.26661E-01
    2  9.65100E-01  2.50000E-01  1.25800E-01 -1.17187E-01
    3  1.03350E+00  5.00000E-01  1.46200E-01 -1.06925E-01
    4  1.10190E+00  7.50000E-01  1.66600E-01 -1.00020E-01
    5  1.17030E+00  1.00000E+00  1.87000E-01 -9.48461E-02
    6  1.23870E+00  1.25000E+00  2.07400E-01 -9.10012E-02
    7  1.30710E+00  1.50000E+00  2.27800E-01 -8.77509E-02
    8  1.37550E+00  1.75000E+00  2.48200E-01 -8.47736E-02
    9  1.44390E+00  2.00000E+00  2.68600E-01 -8.26189E-02
   10  1.51230E+00  2.25000E+00  2.89100E-01 -8.12777E-02
   11  1.58070E+00  2.50000E+00  3.09500E-01 -7.98352E-02
   12  1.64910E+00  2.75000E+00  3.29900E-01 -7.83340E-02
   13  1.71760E+00  3.00000E+00  3.50300E-01 -7.67865E-02
   14  1.78600E+00  3.25000E+00  3.70700E-01 -7.47612E-02
   15  1.85440E+00  3.50000E+00  3.91100E-01 -7.23807E-02
   16  1.92280E+00  3.75000E+00  4.11500E-01 -7.02202E-02
   17  1.99120E+00  4.00000E+00  4.31900E-01 -6.81861E-02
   18  2.05960E+00  4.25000E+00  4.52300E-01 -6.47340E-02
   19  2.12800E+00  4.50000E+00  4.72700E-01 -5.45885E-02
   20  2.19640E+00  4.75000E+00  4.93100E-01 -7.25611E-02
   21  2.26480E+00  5.00000E+00  5.13500E-01 -1.16253E-01
*eof
n01c012
    1  1.00850E+00  0.00000E+00  9.26000E-02 -7.95611E-02
    2  1.07410E+00  2.50000E-01  1.13500E-01 -7.15624E-02
    3  1.13970E+00  5.00000E-01  1.34400E-01 -6.28075E-02
    4  1.20540E+00  7.50000E-01  1.55200E-01 -5.64863E-02
    5  1.27100E+00  1.00000E+00  1.76100E-01 -5.17938E-02
    6  1.33660E+00  1.25000E+00  1.97000E-01 -4.81626E-02
    7  1.40220E+00  1.50000E+00  2.17800E-01 -4.53584E-02
    8  1.46790E+00  1.75000E+00  2.38700E-01 -4.34872E-02
    9  1.53350E+00  2.00000E+00  2.59600E-01 -4.21958E-02
   10  1.59910E+00  2.25000E+00  2.80500E-01 -4.07773E-02
   11  1.66470E+00  2.50000E+00  3.01300E-01 -3.94380E-02
   12  1.73040E+00  2.75000E+00  3.22200E-01 -3.87281E-02
   13  1.79600E+00  3.00000E+00  3.43100E-01 -3.83756E-02
   14  1.86160E+00  3.25000E+00  3.64000E-01 -3.77509E-02
   15  1.92720E+00  3.50000E+00  3.84800E-01 -3.67836E-02
   16  1.99290E+00  3.75000E+00  4.05700E-01 -3.58342E-02
   17  2.05850E+00  4.00000E+00  4.26600E-01 -3.49730E-02
   18  2.12410E+00  4.25000E+00  4.47500E-01 -3.27268E-02
   19  2.18970E+00  4.50000E+00  4.68300E-01 -2.34547E-02
   20  2.25540E+00  4.75000E+00  4.89200E-01 -4.71616E-02
   21  2.32100E+00  5.00000E+00  5.10100E-01 -1.02099E-01
*eof
n01c013
    1  1.12020E+00  0.00000E+00  7.85000E-02 -3.78137E-02
    2  1.18300E+00  2.50000E-01  9.98000E-02 -3.08532E-02
    3  1.24580E+00  5.00000E-01  1.21200E-01 -2.35273E-02
    4  1.30870E+00  7.50000E-01  1.42600E-01 -1.83032E-02
    5  1.37150E+00  1.00000E+00  1.64000E-01 -1.43264E-02
    6  1.43440E+00  1.25000E+00  1.85300E-01 -1.11876E-02
    7  1.49720E+00  1.50000E+00  2.06700E-01 -9.17400E-03
    8  1.56010E+00  1.75000E+00  2.28100E-01 -7.98765E-03
    9  1.62290E+00  2.00000E+00  2.49500E-01 -6.95741E-03
   10  1.68580E+00  2.25000E+00  2.70800E-01 -5.74925E-03
   11  1.74860E+00  2.50000E+00  2.92200E-01 -4.95230E-03
   12  1.81150E+00  2.75000E+00  3.13600E-01 -4.41795E-03
   13  1.87430E+00  3.00000E+00  3.34900E-01 -3.95218E-03
   14  1.93720E+00  3.25000E+00  3.56300E-01 -4.00711E-03
   15  2.00000E+00  3.50000E+00  3.77700E-01 -4.63148E-03
   16  2.06290E+00  3.75000E+00  3.99100E-01 -4.96101E-03
   17  2.12570E+00  4.00000E+00  4.20400E-01 -4.83355E-03
   18  2.18860E+00  4.25000E+00  4.41800E-01 -4.04032E-03
   19  2.25140E+00  4.50000E+00  4.63200E-01  3.45783E-03
   20  2.31430E+00  4.75000E+00  4.84600E-01 -2.50308E-02
   21  2.37710E+00  5.00000E+00  5.05900E-01 -8.81694E-02
*eof
n01c014
    1  1.23100E+00  0.00000E+00  6.33000E-02 -1.08445E-03
    2  1.29110E+00  2.50000E-01  8.52000E-02  5.75748E-03
    3  1.35120E+00  5.00000E-01  1.07100E-01  1.21300E-02
    4  1.41130E+00  7.50000E-01  1.29000E-01  1.67976E-02
    5  1.47140E+00  1.00000E+00  1.50900E-01  2.00863E-02
    6  1.53150E+00  1.25000E+00  1.72800E-01  2.23500E-02
    7  1.59160E+00  1.50000E+00  1.94700E-01  2.37499E-02
    8  1.65170E+00  1.75000E+00  2.16600E-01  2.46586E-02
    9  1.71170E+00  2.00000E+00  2.38500E-01  2.53522E-02
   10  1.77180E+00  2.25000E+00  2.60400E-01  2.56731E-02
   11  1.83190E+00  2.50000E+00  2.82300E-01  2.58246E-02
   12  1.89200E+00  2.75000E+00  3.04100E-01  2.61772E-02
   13  1.95210E+00  3.00000E+00  3.26000E-01  2.61572E-02
   14  2.01220E+00  3.25000E+00  3.47900E-01  2.53547E-02
   15  2.07230E+00  3.50000E+00  3.69800E-01  2.41157E-02
   16  2.13240E+00  3.75000E+00  3.91700E-01  2.32117E-02
   17  2.19250E+00  4.00000E+00  4.13600E-01  2.24538E-02
   18  2.25260E+00  4.25000E+00  4.35500E-01  2.18500E-02
   19  2.31270E+00  4.50000E+00  4.57400E-01  2.84574E-02
   20  2.37280E+00  4.75000E+00  4.79300E-01 -3.99470E-03
   21  2.43290E+00  5.00000E+00  5.01200E-01 -7.35026E-02
*eof
n01c015
    1  1.34030E+00  0.00000E+00  4.73000E-02  3.54724E-02
    2  1.39770E+00  2.50000E-01  6.97000E-02  4.17397E-02
    3  1.45500E+00  5.00000E-01  9.21000E-02  4.73103E-02
    4  1.51240E+00  7.50000E-01  1.14600E-01  5.13737E-02
    5  1.56980E+00  1.00000E+00  1.37000E-01  5.39692E-02
    6  1.62720E+00  1.25000E+00  1.59500E-01  5.55839E-02
    7  1.68450E+00  1.50000E+00  1.81900E-01  5.64862E-02
    8  1.74190E+00  1.75000E+00  2.04400E-01  5.68744E-02
    9  1.79930E+00  2.00000E+00  2.26800E-01  5.70170E-02
   10  1.85670E+00  2.25000E+00  2.49200E-01  5.65783E-02
   11  1.91410E+00  2.50000E+00  2.71700E-01  5.55922E-02
   12  1.97140E+00  2.75000E+00  2.94100E-01  5.44291E-02
   13  2.02880E+00  3.00000E+00  3.16600E-01  5.29421E-02
   14  2.08620E+00  3.25000E+00  3.39000E-01  5.11377E-02
   15  2.14360E+00  3.50000E+00  3.61500E-01  4.92694E-02
   16  2.20090E+00  3.75000E+00  3.83900E-01  4.75255E-02
   17  2.25830E+00  4.00000E+00  4.06300E-01  4.54408E-02
   18  2.31570E+00  4.25000E+00  4.28800E-01  4.32905E-02
   19  2.37310E+00  4.50000E+00  4.51200E-01  4.89695E-02
   20  2.43050E+00  4.75000E+00  4.73700E-01  1.32611E-02
   21  2.48780E+00  5.00000E+00  4.96100E-01 -6.31006E-02
*eof
n01c016
    1  1.44720E+00  0.00000E+00  3.07000E-02  7.20285E-02
    2  1.50190E+00  2.50000E-01  5.37000E-02  7.73473E-02
    3  1.55670E+00  5.00000E-01  7.67000E-02  8.19849E-02
    4  1.61140E+00  7.50000E-01  9.97000E-02  8.51913E-02
    5  1.66610E+00  1.00000E+00  1.22700E-01  8.71813E-02
    6  1.72080E+00  1.25000E+00  1.45700E-01  8.80761E-02
    7  1.77560E+00  1.50000E+00  1.68700E-01  8.82443E-02
    8  1.83030E+00  1.75000E+00  1.91700E-01  8.78974E-02
    9  1.88500E+00  2.00000E+00  2.14700E-01  8.72028E-02
   10  1.93970E+00  2.25000E+00  2.37700E-01  8.59857E-02
   11  1.99440E+00  2.50000E+00  2.60700E-01  8.41052E-02
   12  2.04920E+00  2.75000E+00  2.83700E-01  8.20021E-02
   13  2.10390E+00  3.00000E+00  3.06700E-01  7.96465E-02
   14  2.15860E+00  3.25000E+00  3.29700E-01  7.69367E-02
   15  2.21330E+00  3.50000E+00  3.52700E-01  7.40512E-02
   16  2.26810E+00  3.75000E+00  3.75700E-01  7.09050E-02
   17  2.32280E+00  4.00000E+00  3.98700E-01  6.74028E-02
   18  2.37750E+00  4.25000E+00  4.21700E-01  6.38724E-02
   19  2.43220E+00  4.50000E+00  4.44700E-01  6.84838E-02
   20  2.48690E+00  4.75000E+00  4.67700E-01  3.00841E-02
   21  2.54170E+00  5.00000E+00  4.90700E-01 -5.17465E-02
*eof
n01c017
    1  1.55100E+00  0.00000E+00  1.39000E-02  1.08603E-01
    2  1.60320E+00  2.50000E-01  3.75000E-02  1.12733E-01
    3  1.65530E+00  5.00000E-01  6.10000E-02  1.16738E-01
    4  1.70750E+00  7.50000E-01  8.46000E-02  1.19250E-01
    5  1.75960E+00  1.00000E+00  1.08100E-01  1.20568E-01
    6  1.81180E+00  1.25000E+00  1.31700E-01  1.20754E-01
    7  1.86390E+00  1.50000E+00  1.55300E-01  1.20135E-01
    8  1.91610E+00  1.75000E+00  1.78800E-01  1.19156E-01
    9  1.96820E+00  2.00000E+00  2.02400E-01  1.17714E-01
   10  2.02030E+00  2.25000E+00  2.25900E-01  1.15870E-01
   11  2.07250E+00  2.50000E+00  2.49500E-01  1.13605E-01
   12  2.12460E+00  2.75000E+00  2.73000E-01  1.11035E-01
   13  2.17680E+00  3.00000E+00  2.96600E-01  1.07966E-01
   14  2.22890E+00  3.25000E+00  3.20100E-01  1.04387E-01
   15  2.28110E+00  3.50000E+00  3.43700E-01  1.00733E-01
   16  2.33320E+00  3.75000E+00  3.67200E-01  9.65338E-02
   17  2.38540E+00  4.00000E+00  3.90800E-01  9.20356E-02
   18  2.43750E+00  4.25000E+00  4.14300E-01  8.69698E-02
   19  2.48970E+00  4.50000E+00  4.37900E-01  9.05310E-02
   20  2.54180E+00  4.75000E+00  4.61400E-01  4.94895E-02
   21  2.59390E+00  5.00000E+00  4.85000E-01 -3.52696E-02
*eof
n01c018
    1  1.65040E+00  0.00000E+00 -2.80000E-03  1.15641E-01
    2  1.70010E+00  2.50000E-01  2.13000E-02  1.34410E-01
    3  1.74980E+00  5.00000E-01  4.54000E-02  1.31664E-01
    4  1.79950E+00  7.50000E-01  6.95000E-02  1.32375E-01
    5  1.84920E+00  1.00000E+00  9.36000E-02  1.33012E-01
    6  1.89880E+00  1.25000E+00  1.17700E-01  1.32879E-01
    7  1.94850E+00  1.50000E+00  1.41800E-01  1.32312E-01
    8  1.99820E+00  1.75000E+00  1.65900E-01  1.31358E-01
    9  2.04790E+00  2.00000E+00  1.90000E-01  1.29897E-01
   10  2.09750E+00  2.25000E+00  2.14100E-01  1.27845E-01
   11  2.14720E+00  2.50000E+00  2.38200E-01  1.25595E-01
   12  2.19690E+00  2.75000E+00  2.62300E-01  1.22857E-01
   13  2.24660E+00  3.00000E+00  2.86400E-01  1.19367E-01
   14  2.29630E+00  3.25000E+00  3.10500E-01  1.15491E-01
   15  2.34590E+00  3.50000E+00  3.34600E-01  1.11246E-01
   16  2.39560E+00  3.75000E+00  3.58700E-01  1.06611E-01
   17  2.44530E+00  4.00000E+00  3.82800E-01  1.01865E-01
   18  2.49500E+00  4.25000E+00  4.06900E-01  9.61358E-02
   19  2.54470E+00  4.50000E+00  4.31000E-01  9.85435E-02
   20  2.59430E+00  4.75000E+00  4.55100E-01  5.82822E-02
   21  2.64400E+00  5.00000E+00  4.79200E-01 -4.22827E-02
*eof
n01c019
    1  1.74470E+00  0.00000E+00 -1.94000E-02  3.60003E-01
    2  1.79200E+00  2.50000E-01  5.30000E-03  2.98086E-01
    3  1.83940E+00  5.00000E-01  2.99000E-02  3.31904E-01
    4  1.88670E+00  7.50000E-01  5.45000E-02  3.29698E-01
    5  1.93410E+00  1.00000E+00  7.92000E-02  3.26466E-01
    6  1.98140E+00  1.25000E+00  1.03800E-01  3.22878E-01
    7  2.02870E+00  1.50000E+00  1.28500E-01  3.18518E-01
    8  2.07610E+00  1.75000E+00  1.53100E-01  3.13267E-01
    9  2.12340E+00  2.00000E+00  1.77700E-01  3.07438E-01
   10  2.17080E+00  2.25000E+00  2.02400E-01  3.00385E-01
   11  2.21810E+00  2.50000E+00  2.27000E-01  2.92928E-01
   12  2.26540E+00  2.75000E+00  2.51700E-01  2.84662E-01
   13  2.31280E+00  3.00000E+00  2.76300E-01  2.75404E-01
   14  2.36010E+00  3.25000E+00  3.00900E-01  2.65874E-01
   15  2.40750E+00  3.50000E+00  3.25600E-01  2.54696E-01
   16  2.45480E+00  3.75000E+00  3.50200E-01  2.42453E-01
   17  2.50210E+00  4.00000E+00  3.74900E-01  2.30121E-01
   18  2.54950E+00  4.25000E+00  3.99500E-01  2.15988E-01
   19  2.59680E+00  4.50000E+00  4.24100E-01  2.22753E-01
   20  2.64420E+00  4.75000E+00  4.48800E-01  1.60301E-01
   21  2.69150E+00  5.00000E+00  4.73400E-01  1.14037E-01
*eof
n01c020
    1  1.83710E+00  0.00000E+00 -3.64000E-02  1.66902E-01
    2  1.88210E+00  2.50000E-01 -1.12000E-02  9.02554E-02
    3  1.92720E+00  5.00000E-01  1.40000E-02  1.30201E-01
    4  1.97220E+00  7.50000E-01  3.92000E-02  1.32502E-01
    5  2.01730E+00  1.00000E+00  6.44000E-02  1.33348E-01
    6  2.06230E+00  1.25000E+00  8.95000E-02  1.34288E-01
    7  2.10740E+00  1.50000E+00  1.14700E-01  1.33751E-01
    8  2.15240E+00  1.75000E+00  1.39900E-01  1.32950E-01
    9  2.19750E+00  2.00000E+00  1.65100E-01  1.31936E-01
   10  2.24250E+00  2.25000E+00  1.90300E-01  1.30332E-01
   11  2.28760E+00  2.50000E+00  2.15500E-01  1.27883E-01
   12  2.33260E+00  2.75000E+00  2.40700E-01  1.25945E-01
   13  2.37770E+00  3.00000E+00  2.65900E-01  1.24066E-01
   14  2.42270E+00  3.25000E+00  2.91000E-01  1.23190E-01
   15  2.46780E+00  3.50000E+00  3.16200E-01  1.19641E-01
   16  2.51280E+00  3.75000E+00  3.41400E-01  1.15075E-01
   17  2.55790E+00  4.00000E+00  3.66600E-01  1.10435E-01
   18  2.60290E+00  4.25000E+00  3.91800E-01  1.03885E-01
   19  2.64800E+00  4.50000E+00  4.17000E-01  1.11539E-01
   20  2.69300E+00  4.75000E+00  4.42200E-01  9.89439E-03
   21  2.73810E+00  5.00000E+00  4.67300E-01 -1.10293E-01
*eof
n01c021
    1  1.99880E+00  0.00000E+00 -6.98000E-02 -8.30590E-01
    2  2.03980E+00  2.50000E-01 -4.36000E-02 -8.12035E-01
    3  2.08090E+00  5.00000E-01 -1.73000E-02 -8.00823E-01
    4  2.12190E+00  7.50000E-01  8.90000E-03 -7.86483E-01
    5  2.16300E+00  1.00000E+00  3.51000E-02 -7.68153E-01
    6  2.20400E+00  1.25000E+00  6.14000E-02 -7.48094E-01
    7  2.24510E+00  1.50000E+00  8.76000E-02 -7.30248E-01
    8  2.28610E+00  1.75000E+00  1.13800E-01 -7.11536E-01
    9  2.32710E+00  2.00000E+00  1.40100E-01 -6.88826E-01
   10  2.36820E+00  2.25000E+00  1.66300E-01 -6.67678E-01
   11  2.40920E+00  2.50000E+00  1.92500E-01 -6.45241E-01
   12  2.45030E+00  2.75000E+00  2.18800E-01 -6.20234E-01
   13  2.49130E+00  3.00000E+00  2.45000E-01 -5.90250E-01
   14  2.53240E+00  3.25000E+00  2.71300E-01 -5.55993E-01
   15  2.57340E+00  3.50000E+00  2.97500E-01 -5.25788E-01
   16  2.61450E+00  3.75000E+00  3.23700E-01 -4.97132E-01
   17  2.65550E+00  4.00000E+00  3.50000E-01 -4.63519E-01
   18  2.69660E+00  4.25000E+00  3.76200E-01 -4.35813E-01
   19  2.73760E+00  4.50000E+00  4.02400E-01 -3.74323E-01
   20  2.77870E+00  4.75000E+00  4.28700E-01 -5.62183E-01
   21  2.81970E+00  5.00000E+00  4.54900E-01 -9.26436E-01
*eof
n02c001
    1 -9.00000E-04  0.00000E+00  8.80000E-03 -2.43426E+01
    2  9.01000E-02  2.50000E-01  3.04000E-02 -2.42633E+01
    3  1.81100E-01  5.00000E-01  5.21000E-02 -2.52710E+01
    4  2.72100E-01  7.50000E-01  7.37000E-02 -2.66436E+01
    5  3.63100E-01  1.00000E+00  9.54000E-02 -2.78605E+01
    6  4.54100E-01  1.25000E+00  1.17000E-01 -2.88621E+01
    7  5.45100E-01  1.50000E+00  1.38700E-01 -2.96587E+01
    8  6.36100E-01  1.75000E+00  1.60300E-01 -3.01946E+01
    9  7.27100E-01  2.00000E+00  1.82000E-01 -3.06493E+01
   10  8.18100E-01  2.25000E+00  2.03600E-01 -3.09315E+01
   11  9.09100E-01  2.50000E+00  2.25300E-01 -3.10763E+01
   12  1.00010E+00  2.75000E+00  2.46900E-01 -3.10112E+01
   13  1.09110E+00  3.00000E+00  2.68600E-01 -3.08532E+01
   14  1.18210E+00  3.25000E+00  2.90200E-01 -3.04860E+01
   15  1.27310E+00  3.50000E+00  3.11900E-01 -2.99916E+01
   16  1.36410E+00  3.75000E+00  3.33500E-01 -2.92924E+01
   17  1.45510E+00  4.00000E+00  3.55200E-01 -2.84909E+01
   18  1.54610E+00  4.25000E+00  3.76800E-01 -2.75184E+01
   19  1.63710E+00  4.50000E+00  3.98500E-01 -2.64510E+01
   20  1.72810E+00  4.75000E+00  4.20100E-01 -2.65845E+01
   21  1.81910E+00  5.00000E+00  4.41800E-01 -2.79899E+01
*eof
n02c002
    1  2.90000E-02  0.00000E+00 -2.86000E-02 -4.31658E+00
    2  1.19300E-01  2.50000E-01 -5.90000E-03 -6.61530E+00
    3  2.09600E-01  5.00000E-01  1.67000E-02 -5.98159E+00
    4  2.99900E-01  7.50000E-01  3.93000E-02 -6.32368E+00
    5  3.90200E-01  1.00000E+00  6.19000E-02 -6.61183E+00
    6  4.80500E-01  1.25000E+00  8.46000E-02 -6.88026E+00
    7  5.70800E-01  1.50000E+00  1.07200E-01 -7.07086E+00
    8  6.61200E-01  1.75000E+00  1.29800E-01 -7.18432E+00
    9  7.51500E-01  2.00000E+00  1.52400E-01 -7.28758E+00
   10  8.41800E-01  2.25000E+00  1.75100E-01 -7.37614E+00
   11  9.32100E-01  2.50000E+00  1.97700E-01 -7.39604E+00
   12  1.02240E+00  2.75000E+00  2.20300E-01 -7.37879E+00
   13  1.11270E+00  3.00000E+00  2.42900E-01 -7.32977E+00
   14  1.20300E+00  3.25000E+00  2.65600E-01 -7.26712E+00
   15  1.29330E+00  3.50000E+00  2.88200E-01 -7.12948E+00
   16  1.38360E+00  3.75000E+00  3.10800E-01 -6.95130E+00
   17  1.47390E+00  4.00000E+00  3.33400E-01 -6.73811E+00
   18  1.56420E+00  4.25000E+00  3.56100E-01 -6.52721E+00
   19  1.65450E+00  4.50000E+00  3.78700E-01 -6.21792E+00
   20  1.74480E+00  4.75000E+00  4.01300E-01 -7.32772E+00
   21  1.83510E+00  5.00000E+00  4.23900E-01 -5.53996E+00
*eof
n02c003
    1  9.07000E-02  0.00000E+00 -4.71000E-02  4.07913E+00
    2  1.79500E-01  2.50000E-01 -2.40000E-02  1.63330E+00
    3  2.68300E-01  5.00000E-01 -8.00000E-04  2.42974E+00
    4  3.57000E-01  7.50000E-01  2.24000E-02  2.51439E+00
    5  4.45800E-01  1.00000E+00  4.56000E-02  2.61712E+00
    6  5.34600E-01  1.25000E+00  6.87000E-02  2.70468E+00
    7  6.23400E-01  1.50000E+00  9.19000E-02  2.77301E+00
    8  7.12200E-01  1.75000E+00  1.15100E-01  2.82622E+00
    9  8.01000E-01  2.00000E+00  1.38200E-01  2.86725E+00
   10  8.89700E-01  2.25000E+00  1.61400E-01  2.88462E+00
   11  9.78500E-01  2.50000E+00  1.84600E-01  2.89811E+00
   12  1.06730E+00  2.75000E+00  2.07800E-01  2.89720E+00
   13  1.15610E+00  3.00000E+00  2.30900E-01  2.88487E+00
   14  1.24490E+00  3.25000E+00  2.54100E-01  2.85593E+00
   15  1.33370E+00  3.50000E+00  2.77300E-01  2.81553E+00
   16  1.42240E+00  3.75000E+00  3.00400E-01  2.75559E+00
   17  1.51120E+00  4.00000E+00  3.23600E-01  2.68947E+00
   18  1.60000E+00  4.25000E+00  3.46800E-01  2.61503E+00
   19  1.68880E+00  4.50000E+00  3.69900E-01  2.61685E+00
   20  1.77760E+00  4.75000E+00  3.93100E-01  1.71017E+00
   21  1.86640E+00  5.00000E+00  4.16300E-01  4.23988E+00
*eof
n02c004
    1  1.65500E-01  0.00000E+00 -6.06000E-02  1.96127E-01
    2  2.52500E-01  2.50000E-01 -3.70000E-02  2.25879E-01
    3  3.39400E-01  5.00000E-01 -1.34000E-02  2.27076E-01
    4  4.26300E-01  7.50000E-01  1.02000E-02  2.36873E-01
    5  5.13300E-01  1.00000E+00  3.38000E-02  2.43896E-01
    6  6.00200E-01  1.25000E+00  5.74000E-02  2.49810E-01
    7  6.87100E-01  1.50000E+00  8.10000E-02  2.54696E-01
    8  7.74000E-01  1.75000E+00  1.04600E-01  2.58746E-01
    9  8.61000E-01  2.00000E+00  1.28200E-01  2.61434E-01
   10  9.47900E-01  2.25000E+00  1.51900E-01  2.63142E-01
   11  1.03480E+00  2.50000E+00  1.75500E-01  2.64477E-01
   12  1.12170E+00  2.75000E+00  1.99100E-01  2.65470E-01
   13  1.20870E+00  3.00000E+00  2.22700E-01  2.65406E-01
   14  1.29560E+00  3.25000E+00  2.46300E-01  2.64850E-01
   15  1.38250E+00  3.50000E+00  2.69900E-01  2.63468E-01
   16  1.46950E+00  3.75000E+00  2.93500E-01  2.60875E-01
   17  1.55640E+00  4.00000E+00  3.17100E-01  2.57384E-01
   18  1.64330E+00  4.25000E+00  3.40700E-01  2.53836E-01
   19  1.73020E+00  4.50000E+00  3.64300E-01  2.49929E-01
   20  1.81720E+00  4.75000E+00  3.87900E-01  2.12085E-01
   21  1.90410E+00  5.00000E+00  4.11500E-01  1.02410E-01
*eof
n02c005
    1  2.49800E-01  0.00000E+00 -7.36000E-02  1.13618E-01
    2  3.34600E-01  2.50000E-01 -4.96000E-02  1.35626E-01
    3  4.19400E-01  5.00000E-01 -2.55000E-02  1.31703E-01
    4  5.04300E-01  7.50000E-01 -1.50000E-03  1.37450E-01
    5  5.89100E-01  1.00000E+00  2.25000E-02  1.42129E-01
    6  6.74000E-01  1.25000E+00  4.66000E-02  1.45483E-01
    7  7.58800E-01  1.50000E+00  7.06000E-02  1.48077E-01
    8  8.43600E-01  1.75000E+00  9.47000E-02  1.50250E-01
    9  9.28500E-01  2.00000E+00  1.18700E-01  1.51655E-01
   10  1.01330E+00  2.25000E+00  1.42800E-01  1.52686E-01
   11  1.09810E+00  2.50000E+00  1.66800E-01  1.53818E-01
   12  1.18300E+00  2.75000E+00  1.90800E-01  1.54401E-01
   13  1.26780E+00  3.00000E+00  2.14900E-01  1.54423E-01
   14  1.35260E+00  3.25000E+00  2.38900E-01  1.54291E-01
   15  1.43750E+00  3.50000E+00  2.63000E-01  1.53472E-01
   16  1.52230E+00  3.75000E+00  2.87000E-01  1.51868E-01
   17  1.60720E+00  4.00000E+00  3.11100E-01  1.49496E-01
   18  1.69200E+00  4.25000E+00  3.35100E-01  1.47588E-01
   19  1.77680E+00  4.50000E+00  3.59100E-01  1.47604E-01
   20  1.86170E+00  4.75000E+00  3.83200E-01  1.09603E-01
   21  1.94650E+00  5.00000E+00  4.07200E-01  1.30483E-03
*eof
n02c006
    1  3.42300E-01  0.00000E+00 -8.67000E-02  1.36816E-01
    2  4.24800E-01  2.50000E-01 -6.22000E-02  1.36423E-01
    3  5.07400E-01  5.00000E-01 -3.77000E-02  1.34634E-01
    4  5.89900E-01  7.50000E-01 -1.32000E-02  1.38055E-01
    5  6.72400E-01  1.00000E+00  1.12000E-02  1.41056E-01
    6  7.55000E-01  1.25000E+00  3.57000E-02  1.43233E-01
    7  8.37500E-01  1.50000E+00  6.02000E-02  1.44758E-01
    8  9.20100E-01  1.75000E+00  8.47000E-02  1.46080E-01
    9  1.00260E+00  2.00000E+00  1.09200E-01  1.47173E-01
   10  1.08510E+00  2.25000E+00  1.33700E-01  1.47960E-01
   11  1.16770E+00  2.50000E+00  1.58200E-01  1.48551E-01
   12  1.25020E+00  2.75000E+00  1.82700E-01  1.48761E-01
   13  1.33270E+00  3.00000E+00  2.07200E-01  1.48393E-01
   14  1.41530E+00  3.25000E+00  2.31700E-01  1.47860E-01
   15  1.49780E+00  3.50000E+00  2.56200E-01  1.47469E-01
   16  1.58040E+00  3.75000E+00  2.80600E-01  1.46936E-01
   17  1.66290E+00  4.00000E+00  3.05100E-01  1.45756E-01
   18  1.74540E+00  4.25000E+00  3.29600E-01  1.44126E-01
   19  1.82800E+00  4.50000E+00  3.54100E-01  1.44319E-01
   20  1.91050E+00  4.75000E+00  3.78600E-01  1.05353E-01
   21  1.99300E+00  5.00000E+00  4.03100E-01  2.45188E-02
*eof
n02c007
    1  4.42200E-01  0.00000E+00 -9.83000E-02  1.54018E-01
    2  5.22300E-01  2.50000E-01 -7.34000E-02  1.44833E-01
    3  6.02300E-01  5.00000E-01 -4.85000E-02  1.43066E-01
    4  6.82400E-01  7.50000E-01 -2.36000E-02  1.44725E-01
    5  7.62400E-01  1.00000E+00  1.40000E-03  1.45866E-01
    6  8.42500E-01  1.25000E+00  2.63000E-02  1.46962E-01
    7  9.22500E-01  1.50000E+00  5.12000E-02  1.48151E-01
    8  1.00260E+00  1.75000E+00  7.61000E-02  1.49168E-01
    9  1.08260E+00  2.00000E+00  1.01000E-01  1.50125E-01
   10  1.16270E+00  2.25000E+00  1.25900E-01  1.50967E-01
   11  1.24270E+00  2.50000E+00  1.50800E-01  1.51364E-01
   12  1.32280E+00  2.75000E+00  1.75700E-01  1.51456E-01
   13  1.40280E+00  3.00000E+00  2.00600E-01  1.51150E-01
   14  1.48290E+00  3.25000E+00  2.25600E-01  1.50226E-01
   15  1.56290E+00  3.50000E+00  2.50500E-01  1.49422E-01
   16  1.64300E+00  3.75000E+00  2.75400E-01  1.48980E-01
   17  1.72300E+00  4.00000E+00  3.00300E-01  1.48127E-01
   18  1.80310E+00  4.25000E+00  3.25200E-01  1.46813E-01
   19  1.88310E+00  4.50000E+00  3.50100E-01  1.47681E-01
   20  1.96320E+00  4.75000E+00  3.75000E-01  1.13565E-01
   21  2.04320E+00  5.00000E+00  3.99900E-01  5.23784E-02
*eof
n02c008
    1  5.47200E-01  0.00000E+00 -1.07000E-01  1.48189E-01
    2  6.24600E-01  2.50000E-01 -8.17000E-02  1.38193E-01
    3  7.02000E-01  5.00000E-01 -5.64000E-02  1.34951E-01
    4  7.79500E-01  7.50000E-01 -3.12000E-02  1.35879E-01
    5  8.56900E-01  1.00000E+00 -5.90000E-03  1.36609E-01
    6  9.34300E-01  1.25000E+00  1.94000E-02  1.37382E-01
    7  1.01180E+00  1.50000E+00  4.46000E-02  1.38319E-01
    8  1.08920E+00  1.75000E+00  6.99000E-02  1.38908E-01
    9  1.16660E+00  2.00000E+00  9.52000E-02  1.39274E-01
   10  1.24410E+00  2.25000E+00  1.20400E-01  1.39722E-01
   11  1.32150E+00  2.50000E+00  1.45700E-01  1.39858E-01
   12  1.39900E+00  2.75000E+00  1.71000E-01  1.39826E-01
   13  1.47640E+00  3.00000E+00  1.96200E-01  1.39883E-01
   14  1.55380E+00  3.25000E+00  2.21500E-01  1.39317E-01
   15  1.63130E+00  3.50000E+00  2.46800E-01  1.38335E-01
   16  1.70870E+00  3.75000E+00  2.72000E-01  1.37357E-01
   17  1.78610E+00  4.00000E+00  2.97300E-01  1.36084E-01
   18  1.86360E+00  4.25000E+00  3.22600E-01  1.34839E-01
   19  1.94100E+00  4.50000E+00  3.47800E-01  1.36237E-01
   20  2.01840E+00  4.75000E+00  3.73100E-01  1.08316E-01
   21  2.09590E+00  5.00000E+00  3.98400E-01  5.69837E-02
*eof
n02c009
    1  6.55400E-01  0.00000E+00 -1.13000E-01  1.31157E-01
    2  7.30200E-01  2.50000E-01 -8.74000E-02  1.22559E-01
    3  8.04900E-01  5.00000E-01 -6.18000E-02  1.18268E-01
    4  8.79600E-01  7.50000E-01 -3.63000E-02  1.18755E-01
    5  9.54400E-01  1.00000E+00 -1.07000E-02  1.19484E-01
    6  1.02910E+00  1.25000E+00  1.48000E-02  1.20192E-01
    7  1.10380E+00  1.50000E+00  4.04000E-02  1.20784E-01
    8  1.17860E+00  1.75000E+00  6.59000E-02  1.20993E-01
    9  1.25330E+00  2.00000E+00  9.15000E-02  1.20770E-01
   10  1.32800E+00  2.25000E+00  1.17100E-01  1.20573E-01
   11  1.40270E+00  2.50000E+00  1.42600E-01  1.20573E-01
   12  1.47750E+00  2.75000E+00  1.68200E-01  1.20537E-01
   13  1.55220E+00  3.00000E+00  1.93700E-01  1.20553E-01
   14  1.62690E+00  3.25000E+00  2.19300E-01  1.20543E-01
   15  1.70170E+00  3.50000E+00  2.44800E-01  1.20160E-01
   16  1.77640E+00  3.75000E+00  2.70400E-01  1.18928E-01
   17  1.85110E+00  4.00000E+00  2.96000E-01  1.17532E-01
   18  1.92590E+00  4.25000E+00  3.21500E-01  1.16508E-01
   19  2.00060E+00  4.50000E+00  3.47100E-01  1.18188E-01
   20  2.07530E+00  4.75000E+00  3.72600E-01  9.52946E-02
   21  2.15010E+00  5.00000E+00  3.98200E-01  5.02143E-02
*eof
n02c010
    1  7.66100E-01  0.00000E+00 -1.16700E-01  1.13787E-01
    2  8.38100E-01  2.50000E-01 -9.09000E-02  1.06100E-01
    3  9.10000E-01  5.00000E-01 -6.51000E-02  1.01720E-01
    4  9.82000E-01  7.50000E-01 -3.93000E-02  1.01598E-01
    5  1.05400E+00  1.00000E+00 -1.35000E-02  1.01740E-01
    6  1.12590E+00  1.25000E+00  1.23000E-02  1.01897E-01
    7  1.19790E+00  1.50000E+00  3.81000E-02  1.01981E-01
    8  1.26990E+00  1.75000E+00  6.39000E-02  1.02108E-01
    9  1.34180E+00  2.00000E+00  8.97000E-02  1.02171E-01
   10  1.41380E+00  2.25000E+00  1.15500E-01  1.01924E-01
   11  1.48580E+00  2.50000E+00  1.41300E-01  1.01649E-01
   12  1.55770E+00  2.75000E+00  1.67100E-01  1.01367E-01
   13  1.62970E+00  3.00000E+00  1.92900E-01  1.00849E-01
   14  1.70170E+00  3.25000E+00  2.18700E-01  1.00692E-01
   15  1.77360E+00  3.50000E+00  2.44400E-01  1.00926E-01
   16  1.84560E+00  3.75000E+00  2.70200E-01  1.00416E-01
   17  1.91760E+00  4.00000E+00  2.96000E-01  9.95018E-02
   18  1.98950E+00  4.25000E+00  3.21800E-01  9.85833E-02
   19  2.06150E+00  4.50000E+00  3.47600E-01  1.00525E-01
   20  2.13350E+00  4.75000E+00  3.73400E-01  8.17001E-02
   21  2.20540E+00  5.00000E+00  3.99200E-01  4.30570E-02
*eof
n02c011
    1  8.78400E-01  0.00000E+00 -1.18500E-01  9.64361E-02
    2  9.47500E-01  2.50000E-01 -9.25000E-02  8.97003E-02
    3  1.01670E+00  5.00000E-01 -6.65000E-02  8.55882E-02
    4  1.08590E+00  7.50000E-01 -4.05000E-02  8.50669E-02
    5  1.15500E+00  1.00000E+00 -1.45000E-02  8.48939E-02
    6  1.22420E+00  1.25000E+00  1.15000E-02  8.47118E-02
    7  1.29330E+00  1.50000E+00  3.75000E-02  8.44856E-02
    8  1.36250E+00  1.75000E+00  6.35000E-02  8.44823E-02
    9  1.43170E+00  2.00000E+00  8.94000E-02  8.47442E-02
   10  1.50080E+00  2.25000E+00  1.15400E-01  8.47699E-02
   11  1.57000E+00  2.50000E+00  1.41400E-01  8.43104E-02
   12  1.63910E+00  2.75000E+00  1.67400E-01  8.36715E-02
   13  1.70830E+00  3.00000E+00  1.93400E-01  8.29518E-02
   14  1.77740E+00  3.25000E+00  2.19400E-01  8.23144E-02
   15  1.84660E+00  3.50000E+00  2.45400E-01  8.20567E-02
   16  1.91580E+00  3.75000E+00  2.71300E-01  8.20666E-02
   17  1.98490E+00  4.00000E+00  2.97300E-01  8.16196E-02
   18  2.05410E+00  4.25000E+00  3.23300E-01  8.04520E-02
   19  2.12320E+00  4.50000E+00  3.49300E-01  8.26777E-02
   20  2.19240E+00  4.75000E+00  3.75300E-01  6.78027E-02
   21  2.26150E+00  5.00000E+00  4.01300E-01  3.52041E-02
*eof
n02c012
    1  9.91500E-01  0.00000E+00 -1.18500E-01  7.86172E-02
    2  1.05780E+00  2.50000E-01 -9.24000E-02  7.33190E-02
    3  1.12410E+00  5.00000E-01 -6.63000E-02  6.96811E-02
    4  1.19040E+00  7.50000E-01 -4.01000E-02  6.91708E-02
    5  1.25680E+00  1.00000E+00 -1.40000E-02  6.91550E-02
    6  1.32310E+00  1.25000E+00  1.21000E-02  6.91779E-02
    7  1.38940E+00  1.50000E+00  3.83000E-02  6.89146E-02
    8  1.45580E+00  1.75000E+00  6.44000E-02  6.84851E-02
    9  1.52210E+00  2.00000E+00  9.06000E-02  6.81110E-02
   10  1.58840E+00  2.25000E+00  1.16700E-01  6.79715E-02
   11  1.65470E+00  2.50000E+00  1.42800E-01  6.76326E-02
   12  1.72110E+00  2.75000E+00  1.69000E-01  6.70296E-02
   13  1.78740E+00  3.00000E+00  1.95100E-01  6.67032E-02
   14  1.85370E+00  3.25000E+00  2.21200E-01  6.61807E-02
   15  1.92000E+00  3.50000E+00  2.47400E-01  6.51749E-02
   16  1.98640E+00  3.75000E+00  2.73500E-01  6.44608E-02
   17  2.05270E+00  4.00000E+00  2.99600E-01  6.38672E-02
   18  2.11900E+00  4.25000E+00  3.25800E-01  6.28421E-02
   19  2.18540E+00  4.50000E+00  3.51900E-01  6.56843E-02
   20  2.25170E+00  4.75000E+00  3.78100E-01  5.50498E-02
   21  2.31800E+00  5.00000E+00  4.04200E-01  2.90507E-02
*eof
n02c013
    1  1.10460E+00  0.00000E+00 -1.17200E-01  6.32098E-02
    2  1.16810E+00  2.50000E-01 -9.10000E-02  5.87692E-02
    3  1.23160E+00  5.00000E-01 -6.47000E-02  5.57512E-02
    4  1.29510E+00  7.50000E-01 -3.85000E-02  5.54135E-02
    5  1.35860E+00  1.00000E+00 -1.22000E-02  5.52351E-02
    6  1.42210E+00  1.25000E+00  1.40000E-02  5.50350E-02
    7  1.48550E+00  1.50000E+00  4.03000E-02  5.47565E-02
    8  1.54900E+00  1.75000E+00  6.65000E-02  5.44084E-02
    9  1.61250E+00  2.00000E+00  9.28000E-02  5.38876E-02
   10  1.67600E+00  2.25000E+00  1.19000E-01  5.34170E-02
   11  1.73950E+00  2.50000E+00  1.45300E-01  5.31248E-02
   12  1.80300E+00  2.75000E+00  1.71500E-01  5.27032E-02
   13  1.86650E+00  3.00000E+00  1.97800E-01  5.21152E-02
   14  1.93000E+00  3.25000E+00  2.24000E-01  5.13107E-02
   15  1.99350E+00  3.50000E+00  2.50300E-01  4.99194E-02
   16  2.05700E+00  3.75000E+00  2.76600E-01  4.86619E-02
   17  2.12050E+00  4.00000E+00  3.02800E-01  4.79411E-02
   18  2.18400E+00  4.25000E+00  3.29100E-01  4.71340E-02
   19  2.24750E+00  4.50000E+00  3.55300E-01  5.05137E-02
   20  2.31100E+00  4.75000E+00  3.81600E-01  4.40961E-02
   21  2.37450E+00  5.00000E+00  4.07800E-01  2.50829E-02
*eof
n02c014
    1  1.21700E+00  0.00000E+00 -1.14800E-01  5.00130E-02
    2  1.27770E+00  2.50000E-01 -8.84000E-02  4.62153E-02
    3  1.33840E+00  5.00000E-01 -6.21000E-02  4.37800E-02
    4  1.39910E+00  7.50000E-01 -3.58000E-02  4.34483E-02
    5  1.45970E+00  1.00000E+00 -9.40000E-03  4.29314E-02
    6  1.52040E+00  1.25000E+00  1.69000E-02  4.22882E-02
    7  1.58110E+00  1.50000E+00  4.33000E-02  4.17568E-02
    8  1.64180E+00  1.75000E+00  6.96000E-02  4.15304E-02
    9  1.70240E+00  2.00000E+00  9.59000E-02  4.11610E-02
   10  1.76310E+00  2.25000E+00  1.22300E-01  4.04593E-02
   11  1.82380E+00  2.50000E+00  1.48600E-01  4.00790E-02
   12  1.88450E+00  2.75000E+00  1.74900E-01  3.96119E-02
   13  1.94510E+00  3.00000E+00  2.01300E-01  3.87623E-02
   14  2.00580E+00  3.25000E+00  2.27600E-01  3.79786E-02
   15  2.06650E+00  3.50000E+00  2.54000E-01  3.70490E-02
   16  2.12720E+00  3.75000E+00  2.80300E-01  3.62940E-02
   17  2.18780E+00  4.00000E+00  3.06600E-01  3.57924E-02
   18  2.24850E+00  4.25000E+00  3.33000E-01  3.48599E-02
   19  2.30920E+00  4.50000E+00  3.59300E-01  3.80336E-02
   20  2.36990E+00  4.75000E+00  3.85700E-01  3.53061E-02
   21  2.43050E+00  5.00000E+00  4.12000E-01  2.33444E-02
*eof
n02c015
    1  1.32800E+00  0.00000E+00 -1.11300E-01  3.77266E-02
    2  1.38590E+00  2.50000E-01 -8.49000E-02  3.49005E-02
    3  1.44380E+00  5.00000E-01 -5.85000E-02  3.28769E-02
    4  1.50170E+00  7.50000E-01 -3.21000E-02  3.23836E-02
    5  1.55960E+00  1.00000E+00 -5.70000E-03  3.17426E-02
    6  1.61750E+00  1.25000E+00  2.07000E-02  3.11258E-02
    7  1.67540E+00  1.50000E+00  4.71000E-02  3.05326E-02
    8  1.73330E+00  1.75000E+00  7.35000E-02  2.99112E-02
    9  1.79120E+00  2.00000E+00  9.99000E-02  2.93164E-02
   10  1.84910E+00  2.25000E+00  1.26300E-01  2.85947E-02
   11  1.90690E+00  2.50000E+00  1.52700E-01  2.78395E-02
   12  1.96480E+00  2.75000E+00  1.79100E-01  2.71745E-02
   13  2.02270E+00  3.00000E+00  2.05500E-01  2.67502E-02
   14  2.08060E+00  3.25000E+00  2.31800E-01  2.65812E-02
   15  2.13850E+00  3.50000E+00  2.58200E-01  2.63548E-02
   16  2.19640E+00  3.75000E+00  2.84600E-01  2.58354E-02
   17  2.25430E+00  4.00000E+00  3.11000E-01  2.50051E-02
   18  2.31220E+00  4.25000E+00  3.37400E-01  2.40956E-02
   19  2.37010E+00  4.50000E+00  3.63800E-01  2.71666E-02
   20  2.42800E+00  4.75000E+00  3.90200E-01  2.81362E-02
   21  2.48590E+00  5.00000E+00  4.16600E-01  2.37846E-02
*eof
n02c016
    1  1.43680E+00  0.00000E+00 -1.07100E-01  2.72240E-02
    2  1.49190E+00  2.50000E-01 -8.06000E-02  2.52694E-02
    3  1.54710E+00  5.00000E-01 -5.42000E-02  2.37046E-02
    4  1.60230E+00  7.50000E-01 -2.78000E-02  2.30270E-02
    5  1.65740E+00  1.00000E+00 -1.30000E-03  2.23134E-02
    6  1.71260E+00  1.25000E+00  2.51000E-02  2.17948E-02
    7  1.76770E+00  1.50000E+00  5.15000E-02  2.12806E-02
    8  1.82290E+00  1.75000E+00  7.80000E-02  2.04546E-02
    9  1.87810E+00  2.00000E+00  1.04400E-01  1.98527E-02
   10  1.93320E+00  2.25000E+00  1.30800E-01  1.92837E-02
   11  1.98840E+00  2.50000E+00  1.57300E-01  1.83074E-02
   12  2.04360E+00  2.75000E+00  1.83700E-01  1.76010E-02
   13  2.09870E+00  3.00000E+00  2.10100E-01  1.70317E-02
   14  2.15390E+00  3.25000E+00  2.36600E-01  1.60183E-02
   15  2.20910E+00  3.50000E+00  2.63000E-01  1.52843E-02
   16  2.26420E+00  3.75000E+00  2.89400E-01  1.45644E-02
   17  2.31940E+00  4.00000E+00  3.15900E-01  1.36861E-02
   18  2.37460E+00  4.25000E+00  3.42300E-01  1.32660E-02
   19  2.42970E+00  4.50000E+00  3.68700E-01  1.61697E-02
   20  2.48490E+00  4.75000E+00  3.95200E-01  2.10542E-02
   21  2.54000E+00  5.00000E+00  4.21600E-01  2.41972E-02
*eof
n02c017
    1  1.54240E+00  0.00000E+00 -1.02200E-01  2.00974E-02
    2  1.59490E+00  2.50000E-01 -7.57000E-02  1.78131E-02
    3  1.64740E+00  5.00000E-01 -4.93000E-02  1.73745E-02
    4  1.69990E+00  7.50000E-01 -2.28000E-02  1.67990E-02
    5  1.75240E+00  1.00000E+00  3.60000E-03  1.61340E-02
    6  1.80500E+00  1.25000E+00  3.01000E-02  1.54049E-02
    7  1.85750E+00  1.50000E+00  5.65000E-02  1.45705E-02
    8  1.91000E+00  1.75000E+00  8.30000E-02  1.37352E-02
    9  1.96250E+00  2.00000E+00  1.09400E-01  1.30407E-02
   10  2.01500E+00  2.25000E+00  1.35900E-01  1.22694E-02
   11  2.06750E+00  2.50000E+00  1.62300E-01  1.12661E-02
   12  2.12000E+00  2.75000E+00  1.88800E-01  1.04421E-02
   13  2.17260E+00  3.00000E+00  2.15200E-01  9.53997E-03
   14  2.22510E+00  3.25000E+00  2.41700E-01  8.21519E-03
   15  2.27760E+00  3.50000E+00  2.68100E-01  7.16441E-03
   16  2.33010E+00  3.75000E+00  2.94600E-01  6.47367E-03
   17  2.38260E+00  4.00000E+00  3.21000E-01  6.16754E-03
   18  2.43510E+00  4.25000E+00  3.47400E-01  5.96448E-03
   19  2.48760E+00  4.50000E+00  3.73900E-01  7.95775E-03
   20  2.54020E+00  4.75000E+00  4.00300E-01  1.64599E-02
   21  2.59270E+00  5.00000E+00  4.26800E-01  2.94323E-02
*eof
n02c018
    1  1.64360E+00  0.00000E+00 -9.68000E-02  1.78871E-02
    2  1.69360E+00  2.50000E-01 -7.03000E-02  8.16127E-03
    3  1.74360E+00  5.00000E-01 -4.39000E-02  8.99905E-03
    4  1.79350E+00  7.50000E-01 -1.75000E-02  9.00154E-03
    5  1.84350E+00  1.00000E+00  9.00000E-03  8.10633E-03
    6  1.89350E+00  1.25000E+00  3.54000E-02  7.27062E-03
    7  1.94350E+00  1.50000E+00  6.19000E-02  6.47958E-03
    8  1.99340E+00  1.75000E+00  8.83000E-02  5.77021E-03
    9  2.04340E+00  2.00000E+00  1.14800E-01  4.88499E-03
   10  2.09340E+00  2.25000E+00  1.41200E-01  4.06048E-03
   11  2.14330E+00  2.50000E+00  1.67700E-01  3.37764E-03
   12  2.19330E+00  2.75000E+00  1.94100E-01  2.52186E-03
   13  2.24330E+00  3.00000E+00  2.20600E-01  1.46046E-03
   14  2.29330E+00  3.25000E+00  2.47000E-01  6.71567E-04
   15  2.34320E+00  3.50000E+00  2.73400E-01  1.95814E-05
   16  2.39320E+00  3.75000E+00  2.99900E-01 -7.81764E-04
   17  2.44320E+00  4.00000E+00  3.26300E-01 -1.09767E-03
   18  2.49320E+00  4.25000E+00  3.52800E-01 -1.17078E-03
   19  2.54310E+00  4.50000E+00  3.79200E-01 -7.48926E-04
   20  2.59310E+00  4.75000E+00  4.05700E-01  1.00653E-02
   21  2.64310E+00  5.00000E+00  4.32100E-01  3.56537E-02
*eof
n02c019
    1  1.73970E+00  0.00000E+00 -9.11000E-02 -1.29958E-01
    2  1.78730E+00  2.50000E-01 -6.46000E-02 -8.35846E-02
    3  1.83480E+00  5.00000E-01 -3.82000E-02 -1.10871E-01
    4  1.88240E+00  7.50000E-01 -1.18000E-02 -1.09908E-01
    5  1.93000E+00  1.00000E+00  1.47000E-02 -1.09249E-01
    6  1.97750E+00  1.25000E+00  4.11000E-02 -1.08255E-01
    7  2.02510E+00  1.50000E+00  6.75000E-02 -1.06624E-01
    8  2.07260E+00  1.75000E+00  9.39000E-02 -1.05045E-01
    9  2.12020E+00  2.00000E+00  1.20400E-01 -1.03523E-01
   10  2.16780E+00  2.25000E+00  1.46800E-01 -1.01478E-01
   11  2.21530E+00  2.50000E+00  1.73200E-01 -9.90014E-02
   12  2.26290E+00  2.75000E+00  1.99600E-01 -9.65024E-02
   13  2.31040E+00  3.00000E+00  2.26100E-01 -9.43197E-02
   14  2.35800E+00  3.25000E+00  2.52500E-01 -9.15599E-02
   15  2.40560E+00  3.50000E+00  2.78900E-01 -8.83845E-02
   16  2.45310E+00  3.75000E+00  3.05400E-01 -8.52891E-02
   17  2.50070E+00  4.00000E+00  3.31800E-01 -8.13313E-02
   18  2.54820E+00  4.25000E+00  3.58200E-01 -7.61175E-02
   19  2.59580E+00  4.50000E+00  3.84600E-01 -8.08329E-02
   20  2.64330E+00  4.75000E+00  4.11100E-01 -4.89576E-02
   21  2.69090E+00  5.00000E+00  4.37500E-01 -4.96238E-02
*eof
n02c020
    1  1.83370E+00  0.00000E+00 -8.46000E-02  6.05386E-02
    2  1.87890E+00  2.50000E-01 -5.82000E-02  1.13847E-01
    3  1.92410E+00  5.00000E-01 -3.18000E-02  8.50217E-02
    4  1.96930E+00  7.50000E-01 -5.50000E-03  8.27662E-02
    5  2.01450E+00  1.00000E+00  2.09000E-02  8.04593E-02
    6  2.05970E+00  1.25000E+00  4.73000E-02  7.81693E-02
    7  2.10490E+00  1.50000E+00  7.37000E-02  7.60918E-02
    8  2.15010E+00  1.75000E+00  1.00100E-01  7.38698E-02
    9  2.19530E+00  2.00000E+00  1.26500E-01  7.10384E-02
   10  2.24050E+00  2.25000E+00  1.52900E-01  6.84143E-02
   11  2.28570E+00  2.50000E+00  1.79300E-01  6.58755E-02
   12  2.33090E+00  2.75000E+00  2.05700E-01  6.28821E-02
   13  2.37610E+00  3.00000E+00  2.32100E-01  5.93794E-02
   14  2.42130E+00  3.25000E+00  2.58400E-01  5.54142E-02
   15  2.46650E+00  3.50000E+00  2.84800E-01  5.18297E-02
   16  2.51170E+00  3.75000E+00  3.11200E-01  4.81736E-02
   17  2.55690E+00  4.00000E+00  3.37600E-01  4.42934E-02
   18  2.60210E+00  4.25000E+00  3.64000E-01  4.16624E-02
   19  2.64730E+00  4.50000E+00  3.90400E-01  3.11408E-02
   20  2.69250E+00  4.75000E+00  4.16800E-01  9.15204E-02
   21  2.73770E+00  5.00000E+00  4.43200E-01  1.57551E-01
*eof
n02c021
    1  1.99880E+00  0.00000E+00 -6.98000E-02  8.44447E-01
    2  2.03980E+00  2.50000E-01 -4.36000E-02  8.31895E-01
    3  2.08090E+00  5.00000E-01 -1.73000E-02  8.25353E-01
    4  2.12190E+00  7.50000E-01  8.90000E-03  8.15338E-01
    5  2.16300E+00  1.00000E+00  3.51000E-02  8.01940E-01
    6  2.20400E+00  1.25000E+00  6.14000E-02  7.86832E-01
    7  2.24510E+00  1.50000E+00  8.76000E-02  7.71475E-01
    8  2.28610E+00  1.75000E+00  1.13800E-01  7.54614E-01
    9  2.32710E+00  2.00000E+00  1.40100E-01  7.35233E-01
   10  2.36820E+00  2.25000E+00  1.66300E-01  7.15652E-01
   11  2.40920E+00  2.50000E+00  1.92500E-01  6.94095E-01
   12  2.45030E+00  2.75000E+00  2.18800E-01  6.70793E-01
   13  2.49130E+00  3.00000E+00  2.45000E-01  6.44602E-01
   14  2.53240E+00  3.25000E+00  2.71300E-01  6.15862E-01
   15  2.57340E+00  3.50000E+00  2.97500E-01  5.87260E-01
   16  2.61450E+00  3.75000E+00  3.23700E-01  5.57781E-01
   17  2.65550E+00  4.00000E+00  3.50000E-01  5.23470E-01
   18  2.69660E+00  4.25000E+00  3.76200E-01  4.90245E-01
   19  2.73760E+00  4.50000E+00  4.02400E-01  4.36585E-01
   20  2.77870E+00  4.75000E+00  4.28700E-01  5.52336E-01
   21  2.81970E+00  5.00000E+00  4.54900E-01  7.84249E-01
*eof
n03c001
    1  2.81970E+00  5.00000E+00  4.54900E-01 -1.64152E+00
    2  2.73810E+00  5.00000E+00  4.67300E-01 -1.04613E+00
    3  2.69150E+00  5.00000E+00  4.73400E-01 -6.89365E-01
    4  2.64400E+00  5.00000E+00  4.79200E-01 -6.09480E-01
    5  2.59390E+00  5.00000E+00  4.85000E-01 -5.12762E-01
    6  2.54170E+00  5.00000E+00  4.90700E-01 -4.41073E-01
    7  2.48780E+00  5.00000E+00  4.96100E-01 -3.82113E-01
    8  2.43290E+00  5.00000E+00  5.01200E-01 -3.35478E-01
    9  2.37710E+00  5.00000E+00  5.05900E-01 -2.96830E-01
   10  2.32100E+00  5.00000E+00  5.10100E-01 -2.62090E-01
   11  2.26480E+00  5.00000E+00  5.13500E-01 -2.31241E-01
   12  2.20900E+00  5.00000E+00  5.16100E-01 -2.04683E-01
   13  2.15380E+00  5.00000E+00  5.17700E-01 -1.81636E-01
   14  2.09980E+00  5.00000E+00  5.18200E-01 -1.61550E-01
   15  2.04730E+00  5.00000E+00  5.17200E-01 -1.46002E-01
   16  1.99680E+00  5.00000E+00  5.14500E-01 -1.42277E-01
   17  1.94830E+00  5.00000E+00  5.09200E-01 -1.46946E-01
   18  1.90310E+00  5.00000E+00  4.99600E-01 -1.60301E-01
   19  1.86360E+00  5.00000E+00  4.85000E-01 -4.61601E-02
   20  1.83300E+00  5.00000E+00  4.65400E-01 -5.99374E-01
   21  1.81910E+00  5.00000E+00  4.41800E-01 -1.28883E+00
*eof
n03c002
    1  2.81970E+00  5.00000E+00  4.54900E-01 -1.45460E+00
    2  2.73800E+00  5.00000E+00  4.61300E-01 -7.75233E-01
    3  2.69140E+00  5.00000E+00  4.64400E-01 -4.64950E-01
    4  2.64380E+00  5.00000E+00  4.67400E-01 -3.79924E-01
    5  2.59360E+00  5.00000E+00  4.70400E-01 -3.06243E-01
    6  2.54130E+00  5.00000E+00  4.73400E-01 -2.54552E-01
    7  2.48730E+00  5.00000E+00  4.76200E-01 -2.13922E-01
    8  2.43230E+00  5.00000E+00  4.78900E-01 -1.82924E-01
    9  2.37640E+00  5.00000E+00  4.81400E-01 -1.57979E-01
   10  2.32020E+00  5.00000E+00  4.83600E-01 -1.36425E-01
   11  2.26400E+00  5.00000E+00  4.85500E-01 -1.18272E-01
   12  2.20810E+00  5.00000E+00  4.86900E-01 -1.02959E-01
   13  2.15290E+00  5.00000E+00  4.87900E-01 -9.12235E-02
   14  2.09880E+00  5.00000E+00  4.88200E-01 -8.24636E-02
   15  2.04630E+00  5.00000E+00  4.87900E-01 -7.95183E-02
   16  1.99590E+00  5.00000E+00  4.86700E-01 -8.76351E-02
   17  1.94780E+00  5.00000E+00  4.83700E-01 -1.05527E-01
   18  1.90340E+00  5.00000E+00  4.77600E-01 -1.39458E-01
   19  1.86430E+00  5.00000E+00  4.67800E-01 -1.69513E-01
   20  1.83350E+00  5.00000E+00  4.55000E-01 -7.04190E-01
   21  1.81910E+00  5.00000E+00  4.41800E-01 -1.39917E+00
*eof
n03c003
    1  2.81970E+00  5.00000E+00  4.54900E-01 -1.24126E+00
    2  2.73790E+00  5.00000E+00  4.55300E-01 -5.81278E-01
    3  2.69120E+00  5.00000E+00  4.55500E-01 -2.79936E-01
    4  2.64350E+00  5.00000E+00  4.55700E-01 -2.29414E-01
    5  2.59330E+00  5.00000E+00  4.55900E-01 -1.73264E-01
    6  2.54090E+00  5.00000E+00  4.56100E-01 -1.35455E-01
    7  2.48690E+00  5.00000E+00  4.56400E-01 -1.07351E-01
    8  2.43170E+00  5.00000E+00  4.56600E-01 -8.60515E-02
    9  2.37580E+00  5.00000E+00  4.56900E-01 -6.96598E-02
   10  2.31950E+00  5.00000E+00  4.57100E-01 -5.57390E-02
   11  2.26320E+00  5.00000E+00  4.57400E-01 -4.42295E-02
   12  2.20720E+00  5.00000E+00  4.57700E-01 -3.47591E-02
   13  2.15200E+00  5.00000E+00  4.58000E-01 -2.81966E-02
   14  2.09780E+00  5.00000E+00  4.58300E-01 -2.43277E-02
   15  2.04530E+00  5.00000E+00  4.58600E-01 -2.56427E-02
   16  1.99490E+00  5.00000E+00  4.58800E-01 -3.77102E-02
   17  1.94740E+00  5.00000E+00  4.58200E-01 -5.63207E-02
   18  1.90360E+00  5.00000E+00  4.55500E-01 -8.44060E-02
   19  1.86500E+00  5.00000E+00  4.50600E-01 -6.38320E-02
   20  1.83400E+00  5.00000E+00  4.44700E-01 -5.77026E-01
   21  1.81910E+00  5.00000E+00  4.41800E-01 -1.33614E+00
*eof
n03c004
    1  2.81970E+00  5.00000E+00  4.54900E-01 -1.32466E+00
    2  2.73780E+00  5.00000E+00  4.49200E-01 -6.27708E-01
    3  2.69110E+00  5.00000E+00  4.46500E-01 -3.32912E-01
    4  2.64330E+00  5.00000E+00  4.43900E-01 -2.65662E-01
    5  2.59300E+00  5.00000E+00  4.41300E-01 -2.04764E-01
    6  2.54050E+00  5.00000E+00  4.38900E-01 -1.63659E-01
    7  2.48640E+00  5.00000E+00  4.36500E-01 -1.33773E-01
    8  2.43110E+00  5.00000E+00  4.34300E-01 -1.11736E-01
    9  2.37510E+00  5.00000E+00  4.32300E-01 -9.51607E-02
   10  2.31870E+00  5.00000E+00  4.30700E-01 -8.18310E-02
   11  2.26240E+00  5.00000E+00  4.29300E-01 -7.16892E-02
   12  2.20630E+00  5.00000E+00  4.28500E-01 -6.38584E-02
   13  2.15100E+00  5.00000E+00  4.28100E-01 -5.99001E-02
   14  2.09680E+00  5.00000E+00  4.28300E-01 -5.95168E-02
   15  2.04430E+00  5.00000E+00  4.29200E-01 -6.47538E-02
   16  1.99400E+00  5.00000E+00  4.31000E-01 -7.96751E-02
   17  1.94690E+00  5.00000E+00  4.32700E-01 -9.87297E-02
   18  1.90390E+00  5.00000E+00  4.33500E-01 -1.16867E-01
   19  1.86570E+00  5.00000E+00  4.33500E-01 -6.83063E-02
   20  1.83460E+00  5.00000E+00  4.34300E-01 -5.85922E-01
   21  1.81910E+00  5.00000E+00  4.41800E-01 -1.33408E+00
*eof
n03c005
    1  2.81970E+00  5.00000E+00  4.54900E-01 -1.43449E+00
    2  2.73770E+00  5.00000E+00  4.43200E-01 -7.19290E-01
    3  2.69090E+00  5.00000E+00  4.37500E-01 -3.79921E-01
    4  2.64310E+00  5.00000E+00  4.32100E-01 -3.44082E-01
    5  2.59270E+00  5.00000E+00  4.26800E-01 -2.76971E-01
    6  2.54000E+00  5.00000E+00  4.21600E-01 -2.31695E-01
    7  2.48590E+00  5.00000E+00  4.16600E-01 -1.98423E-01
    8  2.43050E+00  5.00000E+00  4.12000E-01 -1.74523E-01
    9  2.37450E+00  5.00000E+00  4.07800E-01 -1.57809E-01
   10  2.31800E+00  5.00000E+00  4.04200E-01 -1.45487E-01
   11  2.26150E+00  5.00000E+00  4.01300E-01 -1.37814E-01
   12  2.20540E+00  5.00000E+00  3.99200E-01 -1.33948E-01
   13  2.15010E+00  5.00000E+00  3.98200E-01 -1.35855E-01
   14  2.09590E+00  5.00000E+00  3.98400E-01 -1.42724E-01
   15  2.04320E+00  5.00000E+00  3.99900E-01 -1.56134E-01
   16  1.99300E+00  5.00000E+00  4.03100E-01 -1.82382E-01
   17  1.94650E+00  5.00000E+00  4.07200E-01 -2.12195E-01
   18  1.90410E+00  5.00000E+00  4.11500E-01 -2.35358E-01
   19  1.86640E+00  5.00000E+00  4.16300E-01  3.78886E-02
   20  1.83510E+00  5.00000E+00  4.23900E-01 -6.45266E-01
   21  1.81910E+00  5.00000E+00  4.41800E-01 -1.50540E+00
*eof
n04c001
    1  1.99880E+00  0.00000E+00 -6.98000E-02  0.00000E+00
    2  1.01999E+02  0.00000E+00 -6.98000E-02  0.00000E+00
*eof
n04c002
    1  2.03980E+00  2.50000E-01 -4.36000E-02  0.00000E+00
    2  1.02040E+02  2.50000E-01 -4.36000E-02  0.00000E+00
*eof
n04c003
    1  2.08090E+00  5.00000E-01 -1.73000E-02  0.00000E+00
    2  1.02081E+02  5.00000E-01 -1.73000E-02  0.00000E+00
*eof
n04c004
    1  2.12190E+00  7.50000E-01  8.90000E-03  0.00000E+00
    2  1.02122E+02  7.50000E-01  8.90000E-03  0.00000E+00
*eof
n04c005
    1  2.16300E+00  1.00000E+00  3.51000E-02  0.00000E+00
    2  1.02163E+02  1.00000E+00  3.51000E-02  0.00000E+00
*eof
n04c006
    1  2.20400E+00  1.25000E+00  6.14000E-02  0.00000E+00
    2  1.02204E+02  1.25000E+00  6.14000E-02  0.00000E+00
*eof
n04c007
    1  2.24510E+00  1.50000E+00  8.76000E-02  0.00000E+00
    2  1.02245E+02  1.50000E+00  8.76000E-02  0.00000E+00
*eof
n04c008
    1  2.28610E+00  1.75000E+00  1.13800E-01  0.00000E+00
    2  1.02286E+02  1.75000E+00  1.13800E-01  0.00000E+00
*eof
n04c009
    1  2.32710E+00  2.00000E+00  1.40100E-01  0.00000E+00
    2  1.02327E+02  2.00000E+00  1.40100E-01  0.00000E+00
*eof
n04c010
    1  2.36820E+00  2.25000E+00  1.66300E-01  0.00000E+00
    2  1.02368E+02  2.25000E+00  1.66300E-01  0.00000E+00
*eof
n04c011
    1  2.40920E+00  2.50000E+00  1.92500E-01  0.00000E+00
    2  1.02409E+02  2.50000E+00  1.92500E-01  0.00000E+00
*eof
n04c012
    1  2.45030E+00  2.75000E+00  2.18800E-01  0.00000E+00
    2  1.02450E+02  2.75000E+00  2.18800E-01  0.00000E+00
*eof
n04c013
    1  2.49130E+00  3.00000E+00  2.45000E-01  0.00000E+00
    2  1.02491E+02  3.00000E+00  2.45000E-01  0.00000E+00
*eof
n04c014
    1  2.53240E+00  3.25000E+00  2.71300E-01  0.00000E+00
    2  1.02532E+02  3.25000E+00  2.71300E-01  0.00000E+00
*eof
n04c015
    1  2.57340E+00  3.50000E+00  2.97500E-01  0.00000E+00
    2  1.02573E+02  3.50000E+00  2.97500E-01  0.00000E+00
*eof
n04c016
    1  2.61450E+00  3.75000E+00  3.23700E-01  0.00000E+00
    2  1.02615E+02  3.75000E+00  3.23700E-01  0.00000E+00
*eof
n04c017
    1  2.65550E+00  4.00000E+00  3.50000E-01  0.00000E+00
    2  1.02656E+02  4.00000E+00  3.50000E-01  0.00000E+00
*eof
n04c018
    1  2.69660E+00  4.25000E+00  3.76200E-01  0.00000E+00
    2  1.02697E+02  4.25000E+00  3.76200E-01  0.00000E+00
*eof
n04c019
    1  2.73760E+00  4.50000E+00  4.02400E-01  0.00000E+00
    2  1.02738E+02  4.50000E+00  4.02400E-01  0.00000E+00
*eof
n04c020
    1  2.77870E+00  4.75000E+00  4.28700E-01  0.00000E+00
    2  1.02779E+02  4.75000E+00  4.28700E-01  0.00000E+00
*eof
n04c021
    1  2.81970E+00  5.00000E+00  4.54900E-01  0.00000E+00
    2  1.02820E+02  5.00000E+00  4.54900E-01  0.00000E+00
*eof
